31170548
99913113
89769077
56167461
23854767
85100397
33974401
67447198
47181092
13257540
49083374
17562435
66852963
87543708
53250480
90695224
70856319
7628644
57393386
10818253
32343890
11321565
85664892
38490992
36014881
290836
75403182
66749191
10337694
35430606
92254136
92868172
61885708
12669106
57683470
86109597
26017081
42768987
31617681
56782902
80490226
21870821
23844421
91798388
31387849
26653878
14064697
4720179
7948294
39853879
27776162
2377902
4040677
37444864
8392319
44045623
25814620
19400075
62933266
70538871
6227939
63599649
12946774
22324278
53257968
20412601
10145032
44731087
2629128
37208990
81229702
40131181
20234467
28634310
32743908
97510239
68590827
2179509
70092985
93535144
51603809
18344015
54882213
44240960
43825106
42556520
49708680
7558117
1057930
86974989
33466764
76327364
35241622
8581276
23431536
7826181
91572651
91440565
22874534
20974139