88066086
92430834
66917153
54113780
10648403
99444689
24090036
2837055
90975229
73402542
30507102
66536615
54905574
35832566
97145722
50885972
52826411
4247749
10670540
73645559
69249313
29340790
53307531
74162556
78537727
69061620
23044209
21613441
1201656
67409270
2469285
91511409
27153419
39295285
40980173
75409754
69794766
33020526
81601792
36444452
55500722
38435616
75703174
48181980
41691716
43219613
30814981
89728472
8179624
90903691
9238717
67924966
43863494
19565258
98118389
40598859
73297916
46833098
51936426
49193015
37183688
44879420
14538975
80284061
57190461
75183587
43151422
18045936
27597137
15246129
18416489
90787785
14181576
58835009
83808294
37192205
6341033
15154964
61509379
19719822
12339054
94309203
78649097
11100731
45946104
74177168
50847707
58847290
3973485
5604663
24874767
30731068
36575526
6940102
73369269
70030395
13959526
72653672
22175613
96122130
94305098
93782772
42705119
80266868
66898372
31082051
5992493
39876425
46947831
94757182
93688201
74345068
93252343
37150404
15329825
67006686
16426848
25428842
95123121
77887288
41202293
58733207
68425126
90375649
66304820
51289500
75444251
58074405
70224997
26204104
993257
89312880
20136482
34128167
64707278
36365702
64097048
68474365
3228422
10747871
86122837
45181873
73726734
72058162
27473268
66068663
36220495
32909769
75036093
33668776
88954795
36318959
49499557
38522203
7136145
65772482
20010782
81270613
39261750
63392928
25071151
72949054
36730672
13461798
52882136
90347046
73777800
73746209
33944262
8281555
40941222
83832141
55418083
4252079
38977527
4472272
21185828
89670700
8190258
36939977
32255135
49236359
27662230
25039881
50894083
7841659
79998454
37498755
44537505
13663660
78314065
89879686
33653870
77392550
81454263
90441429
74718791
97662508
31390037
8750309
77404086
81182000
90580713
19853253
31875330
1400852
2826050
99507242
74918823
2373115
78186018
79700451
19492313
76297116
89764997
53541766
86557289
58535053
31083649
95521550
45728494
77518502
18592135
94642209
9625683
43590822
82672182
19605870
4722257
53907548
14051009
7977102
78579069
52481003
57669384
55663786
57591725
55236034
9451627
99815413
96724134
59085669
419558
46453665
88712696
77334327
35407903
5680684
90890891
46035169
74846801
46734830
48952891
97361368
93179974
90984645
34307659
64155321
7219717
78413645
55930264
91097826
9679384
68864580
76148244
14274606
17655647
83418124
7947209
85156571
54474572
90059890
69417606
43225422
99028460
79629757
73869886
81918191
4800812
57649881
13164299
36855983
98454727
97138173
70639457
15673716
76409465
58646179
68136283
12580712
13640366
18490404
93057477
27009375
70238984
877734
42627848
78537074
22043147
14123444
93272272
27598008
910874
32306054
82661065
38241453
85403966
93503168
85805447
91424636
50951976
83872592
5170018
47072690
87460196
41182888
33572848
23648677
4104409
67498788
23824516
56874271
92264589
60187721
35045608
54378596
45598814
70074755
2318517
53485560
90952382
69283455
63478550
50833310
33206822
32131166
27295110
81176170
28518285
28609645
1801729
13645111
72653908
84163881
66247962
95871027
59888243
27076671
70101890
59948395
50955449
54724735
98425928
11555663
63155542
7691768
93622113
78832859
89438308
14053595
37093097
71245702
98990889
61593417
7369131
9447404
63835214
90905928
44681241
91368394
34705265
2747134
1671076
4179186
23380951
38655164
55633360
98856699
1605602
12829105
39152213
72874718
18412647
66073773
22650618
3990705
34146042
18195092
15740882
72324714
18296744
26994572
82392077
94658574
48208649
60370840
69348755
31277326
40381524
27978711
79987016
46637441
51153918
53185624
17576217
77655478
56696237
98040921
23766480
9814495
46130981
29046544
11681464
77123311
97336544
31317688
28397602
80066274
95924475
63241067
98311518
82959552
57800009
42435617
47745411
58738179
68724006
35164924
48597400
378577
12362991
51629170
68694721
44209779
43763957
6032098
11851349
43861149
48176583
55983429
42460146
58380957
56208209
17728517
56291914
82517208
95097395
91848472
51832450
30810428
71994174
43062845
83546607
85358946
45324744
55817464
9591688
5533178
72486667
58093713
24246873
31045395
76627142
42281939
68139915
85835409
11885974
22307668
27091402
95829494
76521479
86500246
88660968
66929618
29121697
61796663
71431644
85935638
87833844
69262598
74385522
97938338
9709061
83321627
17168435
58059368
63540252
34449726
36604223
70539380
33073565
48828142
1117968
73753629
28234627
34494194
74191874
26525965
98368298
68442839
23072718
7224670
68042615
79342558
30032685
57143051
93906996
88484209
16614053
76036199
11324152
36923412
38514547
1712490
3549429
22204063
91194725
91242448
10114485
22686715
58014820
80581568
35090998
68282470
35681894
96440541
7629489
67080529
91400634
59887061
59559150
39851917
33829852
36270496
59635942
28609726
93965850
68045328
45460519
51802930
31883467
41846246
27630887
527027
38895481
51166066
24508966
53604884
96188563
67163094
71285646
73912276
15446205
82532401
66325637
24697740
28394812
95328709
96878378
72542471
84164913
72506161
2455360
87203520
15798137
59417246
34211990
16473116
50783441
32363307
31589240
68091799
38657893
22845025
84682254
60992395
73174973
33429164
65723607
97403488
94562023
50366858
16698308
33921034
83414912
35091875
29732445
16337390
69659295
6490678
26232944
6958715
57497450
56001248
57792031
86773750
23687342
74795278
47624254
60701575
37511110
92880429
77066727
54251836
70737945
22078351
20905869
65846849
70802744
91092072
21658983
40715027
47496669
86060627
27798034
31715846
4796486
63715859
93020546
55685702
95218253
92331661
92456206
20339160
35448346
16367505
35200315
63609183
13610980
76620885
33339729
84124307
92822342
23521544
31110609
60039611
99378557
34615636
47047476
7265994
25396744
25231246
92891138
75485765
49060259
42004089
87275288
58983905
94461116
24197984
64366160
21799534
66149106
91166236
26192155
91572079
39995418
84088738
33309419
63999901
33075070
1628628
3458739
17527869
66132687
28887130
56733529
86352181
77068084
55536914
68600455
26700053
26181757
33919934
94743126
22976008
55778514
62956111
14875910
18329703
78748528
89805964
51136465
63861896
83941286
19869499
5373485
5759039
38590174
21511266
20488112
77949435
99921254
91391295
95242471
96836072
40830493
88436117
26222919
35955999
90458778
46525239
45784093
96170448
84670408
71526107
74108300
43149387
30627972
25880478
67768808
72981928
89167846
22769429
56320779
47731290
95841901
48309816
23520833
11130281
57817834
84281537
196004
75980896
88964048
12768690
31415367
26842119
16381827
73903556
6670762
96652580
48244300
93710143
59496177
14715343
65198435
52962460
44289172
2843801
69442994
22711628
70849640
36838200
80939847
25456569
65036712
55683792
94370093
74699147
60894325
816792
48515919
3902245
35805610
90175193
22678661
23642998
96393259
59986412
60069671
34209225
2267474
15150487
89881340
63425559
77897452
39487847
41493553
23306581
36237461
94366135
49136352
61290069
97985915
23024832
91136822
20689919
79794401
74418165
54882069
3458215
773507
9843361
2618957
36341446
26160989
65724409
6529924
43232290
30721079
91110180
48619470
86851587
21712128
43438619
96079429
76032548
55272854
20916889
15467232
33775335
21575018
86267875
97109939
6160903
25791513
53024298
3721649
20375236
16028934
27871158
16668968
11701675
30474007
82515276
49224149
31697027
40797158
31754373
25565344
71941289
62632969
21430387
57721439
45139515
56313662
14849383
7069766
92870583
66546845
48922095
54456701
73854603
65346794
76070831
99985249
23043270
70615286
65498430
59452995
65193141
77267297
8596985
84974265
33698502
74782574
50952118
30373994
90896320
41112911
6988680
54310691
23198245
78244069
47714217
79785128
98944337
80489104
53224245
29620401
45395566
92335942
89959267
44549374
18810957
50944666
5918835
87931115
94964231
82356255
88559360
93742775
41155560
95130769
50658372
88280741
70842920
85844848
79002484
29331025
46498035
77390250
41189115
8300217
49737389
9242270
12204646
43826745
77195191
87618377
88078886
4626711
74095894
84945905
28818242
43190102
77566075
62970121
87171706
73449051
75463148
19252430
89415833
96700042
96457602
91837524
7017147
94677436
59101827
85205560
45289796
9854687
17327633
67878283
36572510
5226406
50882008
77639251
24802212
4878723
84565758
3372817
43963677
37716892
1856784
63030131
75477204
5211496
61090690
28746758
90086166
69733828
65480414
62098177
95831996
31485975
81755878
59437604
95474710
32481723
22487885
53193666
57722560
61680966
53917030
60531253
37657314
88890847
19571042
98292715
63866314
89438163
61543108
86274374
69797989
43259443
56063791
96649402
97968056
44364881
99381783
35962675
95572796
84938806
70452350
4575148
44041972
93731989
25260149
63412622
65840592
85300676
11093531
67142389
18629965
82295325
81851381
99578245
5678756
23628370
19539038
84843753
566083
99537640
29299679
61615918
85352818
87676918
94469784
28137211
74845712
19543658
73173147
30978882
95080346
65622913
36413054
60681663
4071696