34888502
85041535
45535934
21919972
83160336
4972125
3509245
32760490
4044928
52093837
11877316
32190148
1720230
1957311
19718626
60960791
21110905
48169708
49106588
99762704
82962722
26235351
37134482
9838386
20983618
81993267
80417036
31948314
4992094
84370492
87414727
18468841
9588255
61767621
71659409
61882425
92329972
5263408
90939777
43662709
26281819
28985871
96694228
63147212
67656810
74110491
18667117
61461941
69334833
71831988
92836548
78673472
89378896
2409430
78800175
42220004
79661928
83346009
84043717
66962556
76802707
18977883
27272709
32222094
75743425
45919644
71943157
24830822
36162661
70841430
84634159
69475968
9105788
28024126
50278474
90269907
62147379
75174280
93015807
88522101
32910011
7138152
85156777
22127950
27514911
87471875
79091896
37677919
72558708
21811071
13614108
86211312
21327325
76678986
2677654
48043951
22104762
23881666
27517676
79203135
12135324
52471261
42838975
88819365
96694904
46378832
86255863
50228107
60595238
55017489
48852611
20144308
24373435
32384600
15124764
20694184
89176931
21066312
30980358
15522237
68331441
40471857
22833609
13423743
61328991
2652670
96287115
30725090
6802618
40988775
7267667
27876890
81098463
3320015
22183674
79879758
42176188
42054267
19162281
83719904
99143022
90837245
98715568
75386301
71297060
98913777
51498297
93734968
2520720
82214026
64398712
13848687
63443000
3583747
24652268
84038866
39931292
67477074
52319573
51120023
29159962
46897509
99485032
82415126
40840494
77287359
89615419
44069379
13091266
46343463
77597513
54045721
27367642
72039713
48506346
59773105
71231430
61514831
79761906
39447221
90586267
95599005
64839300
61557766
15956415
41340053
55390025
32391261
57263905
37750534
48651647
82195624
2379477
70364972
10101129
56772032
82509811
27141380
5864465
19753526
64501894
76807801
1074010
84019255
61550251
11913895
46858121
97539286
8696342
31360733
6893237
14201177
75868306
59615115
71469505
79312951
29120086
19610468
20020822
85521510
59623925
5941105
45330291
88201068
33237720
98474937
74464430
43666404
81823490
85301054
60744602
93420684
82125829
55430058
70854569
29270122
42540291
22273279
49697782
44736494
86091813
541229
27281397
51306257
10791083
23639146
3265793
48140386
38425410
60642052
42813626
3445177
49786353
40661258
54566824
75492795
20608475
69465497
88124324
32240217
8297510
28994875
33977982
79677373
33608670
46593782
47135256
15266423
42978085
98876028
48622407
92592630
97625759
46789077
46317276
6711025
54467714
5673819
26773277
5625399
53258814
14361857
35755865
34967509
8636220
62670283
86274878
33353759
98458767
39395324
77868834
53047802
49878737
47888143
17328884
34499438
77136403
75218065
20864663
78755454
82440812
56271866
72753780
36165919
13965008
27060804
97551609
60750033
18023899
94078764
38910012
52702515
50305767
66701473
84572636
6602687
22205051
9464233
33228685
46166965
34446149
98640637
48327656
15026261
3852288
21163098
30517160
82917042
59245859
82038858
33736824
48369778
74535344
92835653
47933611
98103325
23935994
95422350
85876762
23139768
19410343
35285252
25818080
76513945
21602157
39491389
6280688
74891960
95757680
76195553
44027147
65758463
7994411
25086952
63539308
30143305
67613107
53012181
71588073
60010513
797804
41056954
97925243
7984731
39018159
96041926
91573160
31385563
14733848
98009739
39158860
60109160
53283696
78136592
6753651
88434786
8135494
45094065
91497213
82104834
11897707
34119424
28458234
40602976
20919794
88706837
31691216
79390805
8757333
8975984
40351128
9343169
72290893
87600571
20562255
53517560
3596031
64976275
73117880
94623739
21837783
88713356
93678466
41848590
24462099
65655401
44901015
70040989
44996693
79455932
37722090
90591992
72627352
54368412
2632961
18195118
17476170
84043401
33442928
68685383
49544367
8255904
62856422
92266912
91508617
46095833
72327335
59611200
7729827
53821581
34079961
74586257
41039553
1631947
8078169
59219516
63284402
23379548
74529062
54875000
19485984
48904511
76886198
19173834
83744145
50916244
39176088
39254913
74366433
5321571
56821082
72718204
41651334
56131498
69305733
10111753
1558053
60481197
80049901
14747673
54531639
14736833
49496749
61397582
74942440
22449128
38832479
66374258
52938700
83650021
10655365
38999547
63920082
74762395
72448266
81425127
82117333
49540131
2042584
745159
77097282
34296853
26191748
13379987
52019747
97443368
13472498
77892473
22431001
60362549
86168653
69564625
29449215
65417963
53983664
56236848
80088442
39823563
57844995
90151955
92824889
7796764
22458844
33385573
38832640
85918901
13932149
48387524
54883013
18872415
90474203
56186917
12706441
88462324
91945028
27631913
94008977
23399339
149313
86200148
41444514
66232370
82679067
18860645
8255262
28431764
95974860
46563341
58829982
53003074
18493443
4905641
19297989
42068578
38981339
54266897
73579901
83448039
89605434
36268711
29074584
4459781
14242065
64472957
14759410
81864115
81323260
98726833
4991016
3588578
76457267
43678234
27350913
83653289
89290814
63408950
36775358
53197482
45731861
45260498
39249525
7130214
72799983
82118738
41369917
35005951
61225639
84265373
97551234
5279195
61448232
29700556
60982874
11608895
9322392
37639927
83362831
9474355
43723975
33264928
6327118
2516431
88825020
43564071
68391356
31547565
1370230
68290145
47575976
11712132
78548755
87963893
84260696
28204008
69455534
41168680
38962614
96899582
47830347
9261277
36198711
91408567
78756931
42368601
27066075
34793085
13817863
75288540
86588777
10925746
8284267
67111461
42559311
54085681
4935981
79205373
98959056
64814989
70359786
61585874
84613871
53802916
61982873
54522154
8832693
37010909
32976895
31505784
92725000
39161337
65357043
33466477
4225937
75731292
46055421
22617115
18847094
40955995
57344903
92363491
47206431
50057835
86840397
94242197
59558153
15312924
7588094
83934735
62486953
35780651
57726573
65408266
72642852
46661869
64987099
18294106
64050073
85687918
65655702
26579262
46388740
12580527
5075512
56806637
47591875
55702950
18177966
58670988
49520180
67416181
29594702
89920492
15547046
37220753
87166576
24101243
364754
84275563
72540305
66798375
5893495
59055757
83308074
4647535
71667705
15312022
54779371
23522912
42128065
71383618
91600225
36663149
61140089
3591513
37602375
60728121
77365963
90464797
5808959
29679449
30859954
14576610
38548762
2422597
58503963
92344417
65826928
52918084
22882357
75792090
97473485
22330650
622225
61664108
9133738
69398989
90020651
65849078
41489717
74835329
31941127
72988290
19846967
91164831
42147693
45629163
34923889
25352066
48913599
48722960
78107666
75930515
72446070
8575940
88464952
94243093
60756522
39426974
95059455
81970020
18693940
95893596
62900230
41078841
91832644
94564664
16143897
13340972
7608363
39045475
80126642
88836344
37945662
10807871
69364117
12418476
13272566
55871440
92342366
78637680
59260697
25029030
91124711
49966401
96820592
71896928
49740775
34300681
63642066
6769745
9973651
54664169
10322144
52688336
26300870
70713938
79222999
7529413
7586789
18272339
80765886
28783979
21937740
67309050
28936567
74990958
51069125
46495626
61601155
95014150
99254784
93853481
81530462
17570717
98887492
22704687
60785754
57183342
83823163
71661634
86804793
15938391
66988463
26903005
70331382
69485922
12718264
99358668
16389939
8643950
14986903
52072389
6381618
22761051
89180401
60261722
68362190
35486199
43421800
58982403
47117004
96294381
28658640
66299518
58560008
23564761
55981317
37263195
44961187
26103568
53768612
41836687
95268069
16174080
11310358
37735345
97488639
55754145
41863825
25119218
69482248
61029107
19671197
36034634
57326145
98086688
89329889
18102281
61677100
97111949
49034593
10209088
48287007
68769058
59118015
25134037
96157220
44926882
31273274
56920144
5662064
99466215
45023697
73892275
97833197
14713951
80455195
30322149
59437925
13407219
15871722
34735040
58047536
72316368
33925451
13275403
77721785
1433764
75616905
30246178
93534900
54732874
25742416
28918479
93647732
74652750
45961248
60241118
99784985
30777578
18511026
52078618
58095381
91643356
93492858
58313591
71433241
75735989
28539273
69301182
98393397
72386398
70869274
11207112
93297306
55564388
482219
81601902
69378990
73424149
80334629
46404521
51273371
43953465
14960445
96173174
32619789
66946785
10189340
24473792
9139813
26501702
40957247
4387533
83297528
67583679
21019135
58466142
75479028
82947758
27516803
43710888
92609895
76427542
19333705
92801844
59522633
3273384
43167246
76860687
16679464
61901428
27769089
28764595
99327580
99968835
93071279
30954044
36231101
53750421
24710269
25079590
4182281
78176719
90083693
83586391
3781331
95965321
7266778
21891426
89994551
38026878
21331378
99260099
54525515
46877852
4746560
89632325
14955363
19093557
78561029
39541830
40627485
55479132
44858885
4658434
74219640
5337465
12255578
98652076
33041076
11910619
17055158
46676071
56647828
8419074
47920607
40535450
63873169
27217226
21237653
93291413
39618080
77432545
81305175
50017823
47816352
89051650
53536657
16705418
14625598
67269261
30117271
25273003
72208725
76278891
79193307
71948367
15856391
19119369
41165480
92529189
30212528
39375883
80852328
16854331
72445750
15612806
97986332
24667054
2575399
60100302
53182576
11055024
43605041
34568629
66677263
66606474
77463750
87130483
19739727
40028664
55214047
8722895
52381459
84668236
31742502
62933849
89736550
6842899
31875795
19539485
96312555
33314412
32589507
59199101
18912170
26098662
45827108
33677531
31361118
71458149
38384397
13609128
26671415
76437133
21227046
80622237
25312915
22962612
37714499
79268177
48753029
42057948
4887594
96874697
48635535
2188469
13001245
72735673
52862973
45141744
98436637
34332767
15611470
4325013
23716353
93006099
13573588
42187187
50734894
43275518
3885297
56301426
82075620
80241326
72032939
92292434
33646904
72219524
77847321
65102817
79434155
19877093
15825760
39945931
54370360
9605944
68282635
18524039
46921215
64927491
18974658
4158070
21209118
10020024
10386742
37152124
84772083
80469481
87722899
68623328
45367967
18448988
19176973
3032003
11991692
91948589
61398614
45164105
40067245
48318976
61252307
1514273
48087041
8166654
46789422
63596515
31965230
98978132
10208065
5711970
29509394
7338372
64518166
74000011
24821952
9297403
37563129
16609702
72514485
57688347
66948047
37542991
91257088
24635765
88202520
30210190
5421707
16515336
89934448
64625465
9483848
5863504
88401261
93392388
30902185
48869109
5585563
66658116
85300681
68061982
8221393
78329183
32014604
16006025
75911002
62724376
28500914
60562464
87106575
86346395
70683957
65989255
64249465
26551493
79638208
22109797
55352329
20377646
32796011
80160330
42858422
15012424
94162963
85377783
9589188
50336112
93175665
99951492
84752404
41128775
41955441
66897541
61916400
33324884
64517375
38480063
496077
18928258
69413173
1721746
91020543
32598508
83482766
74579071
69199457
5159310
1090989
52533448
97876551
55329402
6706942
60370867
65473528
53899689
95758132
32883937
8391994
16268353
27160403
99621081
93494715
95354240
3649846
75037030
76475949
79545032
90059954
1895257
46191343
62106888
66105265
58752368
95826058
4456790
26309107
50223479
59995941
33299569
5428656
54111165
92406299
96062032
24171505
38401728
20450167
47776630
99540113
72708241
68476171
68554269
19761083
6063384
75727558
43741925
1400254
83385009
19100899
42105103
74265226
96940702
76436597
74951365
89501113
1363367
23456116
73698736
64445918
18047619
85546526
35133136
29471628
29876152
82476203
37955239
80904441
2285988
22559284
38861005
39972677
90123464
15712130
51809953
4431697
7977430
98685080
5287789
13758118
42564581
50174838
24747535
18336293
95925399
82575313
39794613
84092672
50429291
69936380
64606801
41143651
13435239
39835161
62715602
52165675
11007609
27837607
52778283
60137299
57772743
50634450
74586983
90109305
52498354
97277679
3367426
16570414
41854788
41336527
72976097
27272348
25480209
75846363
56271233
6478068
13090193
10519553
93485466
54570185
16599869
21529169
91561351
41077747
60798837
95356093
64437250
79402530
15844515
32338757
72909951
3059468
90895916
81279960
11277852
92605715
52941286
25790034
21009
93164498
70304761
32521601
69867698
9206099
58889740
30693100
46451947
42892753
62448959
6623324
40217325
37279489
49319133
55170241
24752957
60079571
44415051
84239534
61415936
68875687
76326840
73614177
30299899
34869580
69994512
55676783
42374678
54944369
2297005
25727665
50442395
62978312
60807258
30604833
16923217
63721740
10299388
29565836
47665797
81160418
28341956
3877158
35917370
23414741
86933221
957947
3789070
9013627
25301996
35198225
75476522
57065077
65602952
37894035
22557353
70907440
11300063
11985546
14779342
91614612
67512409
22672834
20264336
59482521
18498934
93359250
87306446
92134290
3064847
11266023
80041112
34220110
93087010
27132802
4538979
29589922
29802925
12215885
91938177
61786974
98582070
19298068
6549300
8774058
91954732
97787135
18340227
43899957
69766520
87265346
29893589
52089907
60490595
31400183
79311653
75633072
21892764
62483696
69923096
72145337
83847069
58329727
566958
2728126
99253301
18747731
9394727
8990823
70541414
73637195
10012938
30835803
33695009
53074092
59278465
14587154
94661370
98195496
57061107
86695503
44501509
67158247
25927606
37158802
57681834
45106895
38317426
6398593
60112624
59409130
54531631
87440174
22567350
14668114
44232640
11846949
79902463
48971307
75337345
94210321
51482375
48286
92676375
10963080
47068934
6765994
20689381
83098341
28846727
23248026
68356373
24068573
54765426
47534732
40520417
3373099
55421411
682782
13875385
27415340
9262547
81643787
20486560
95667870
56497711
71288012
98984344
68427220
24351336
46688143
29314461
93891772
58165402
19493136
45942069
27749618
36006952
10833323
34642321
46587402
78671988
23142711
55918219
60817899
46052906
25835579
71117364
98657122
15096160
20207842
14265614
39403856
52571520
39339061
18928058
55930458
36837602
55506577
15644455
54878480
51789798
38544884
91869954
3698653
14434928
93215168
21461970
55938333
22439918
23086121
74481160
89977118
36214393
64239198
38643405
30229544
8606611
26359004
14746268
35657992
40007105
46919306
28494920
53088287
41082906
48777157
48552090
61721214
22464766
73495684
49730787
56583923
50686460
92982480
83272782
7906914
78556437
32637538
77477863
21950388
38630392
79159513
39896963
16579506
93056923
17634399
31789826
18251957
90506252
78841589
92174106
99648872
1360091
35797251
84483548
48380486
62397187
93464052
58145189
43378424
20788160
17487827
49918996
53047467
61631216
1516035
77557860
44801685
95971819
20998207
96889891
64916486
28068449
30083796
48233027
38327807
34145999
41115258
56552269
80237623
78164722
9570616
44676129
67272771
94340770
34761008
29711831
6771512
78871129
919002
87203943
10846230
94424017
84051536
79087498
46073533
78463423
13892014
64074505
87974033
73324242
84881749
55420774
35120466
92429478
4061091
99372445
93307220
34094726
79095545
61884671
88632811
90420462
6002223
63695021
53998007
64356535
35167672
40465516
46405954
54948149
87980090
67461753
98489745
64659705
80529713
77191632
68873025
80967932
20114076
29865998
62204364
59806650
75831137
97726795
76207371
66683849
44593120
57055123
91317079
60482955
6040358
92229816
22146848
51448007
21260775
85603878
69933203
62400992
90520503
214832
3574970
56188322
804149
28947194
3310947
69684704
84596626
152153
18783582
83389272
69589251
35635362
7101342
71312699
41438342
5456372
14049523
55797395
85300449
88443291
16381982
77111371
35736261
70902036
37837699
7974759
63284709
67877673
87664707
87344334
6723613
91567964
18320629
43741980
81345461
83929855
538133
83347950
90695414
59246546
87579408
74519538
20183529
36354498
68663510
50219276
82461747
78444602
42756882
55812235
20899567
73044057
6937072
67084500
90733143
79275422
82994733
67196066
58792761
68521565
50452116
20990374
78102708
47943123
26240207
9461917
82552999
51674413
41485486
95413329
38019196
39967967
67561129
89430769
71695047
25058523
36235636
90020752
67374076
88243612
75901872
7504174
74315511
33857290
91965575
32053168
5181071
26061415
49336655
11986091
63813592
10275148
7525100
4705399
13724400
88871226
65324877
98705371
31301178
5115507
63061322
83014804
21161145
85664815
6162234
91627558
64525703
24832658
59608805
70396418
43736703
51675385
17110627
64461747
96198908
88850984
32658996
58292575
26279646
22432849
37638394
86937796
41801685
35460660
41904469
61334413
70182551
5357369
58555818
59451445
22918084
25838137
34179921
97255123
40821580
17113390
57694882
29188040
73799008
14918645
51155621
88687248
72870541
93577506
86206702
28527856
87505029
57784662
53067071
90116632
40388165
80263557
32679218
30746030
48569483
87198514
43209622
1318539
94366420
57721768
72788514
55646835
59721766
1837731
53023453
11012014
36578113
1625734
55787010
3567712
37630488
77300833
75910232
61064547
82860162
99292813
3980366
89678572
93252856
45976459
45029709
88144210
29081528
58194489
26205902
41303983
93851461
10059799
54017246
60226405
21186236
9539218
77129540
84112126
24911545
85687395
53055873
30810
31812765
40927776
62610856
52159711
85151517
37852643
65400622
97928015
67132693
65592963
21307380
92538830
24815555
35671679
84718171
64954758
27383722
95270415
64679278
13381033
8038320
63875114
54348742
64332472
92284370
27965830
46579017
35572323
27906493
67297117
28891772
6459280
45132346
7048388
29322584
95820247
15470388
34285377
62971858
48635521
74943908
7518424
56958133
63508558
46987634
43284897
93396938
3611169
53699617
18645644
71823954
80260321
10158323
87368631
66767208
74578097
406403
91574245
85349207
57425233
20367783
47530505
28379826
32909885
39409554
88199802
82587100
40274630
86177139
35582327
23106822
85094404
75701179
28548714
3185530
84324953
24225644
33755468
3878030
95810380
55685054
35225480
16002850
96324458
51054184
78489912
29471303
41845443
86420473
25553270
25262665
40873338
99843710
66377540
58155269
29491726
78206337
36029705
46316271
7854222
76535735
52019545
19409531
80065063
78464239
63925271
956801
76178025
69465499
95143716
18021822
17577489
11535173
18971106
99686759
67351025
76936727
51623011
55914176
1509802
23509421
41549296
11621492
81042352
735115
76294329
28461121
32067193
41370295
99185760
70384959
49832934
17221259
46631653
66324213
54798319
87690282
15254374
33698025
53832688
91544196
91594241
9138427
43599506
66224022
3909919
97199865
79519844
41418827
84161770
81219388
15271425
37331138
12871872
48038219
35402292
81900257
17023869
76063189
23328757
5186518
94223910
82064138
3439877
47338831
34961144
36668305
59121998
84732518
58146533
78122553
65737765
30403433
31681904
20059737
6087682
45336540
7609332
64659436
95784006
86648833
42616129
34928030
53275920
32397093
24596281
13937187
33830902
61424467
38623004
76099277
94017799
93319266
66022220
17827059
16285675
27931389
64324608
28383915
31762361
5374587
57273935
81596843
55577663
41784356
86650214
83945643
84875218
15900310
76190743
82913241
47972454
95847803
14310455
92613297
4732492
59617854
42782041
10094523
54857830
94157149
17583714
78783094
25106362
42937837
30353454
7362696
31399699
2459239
39965679
22304465
71631196
371639
67608409
94940750
5217173
72167974
24129438
20067756
10137255
5192629
2399620
6223777
91547240
45629385
96696939
39573632
47109215
40785947
61494528
96755777
38102600
20897267
12237890
33455645
48139493
91915055
37570031
51508893
93697236
74287452
42436062
52294584
98172089
57419156
22250732
31175725
81008376
6177493
27926008
81432035
4263497
31447682
61463639
88193683
6774546
64771700
62077533
99382716
92412452
35789677
21872081
98775540
44234704
17463104
48195694
79929601
38671191
30265907
23001561
41718343
69840493
79307737
83029384
15341134
80970923
33806212
47267882
48308300
81915867
2339043
99236651
27852201
13287868
16950676
53422657
29228222
2164954
36103331
18391804
88326716
94122359
51756036
36340859
42682906
6648688
96314660
10269312
17918663
14246413
22625730
1755860
24274292
21498185
39440122
54321842
25917561
17558030
95573861
2213679
38977394
41327093
33269495
86511054
37687844
18007232
74934022
7995679
3151629
44509221
54200169
53770418
72633602
92216980
55915153
87445620
50764016
49763884
71137912
66889248
50413571
30536695
75531783
98725559
27815046
53759904
13256410
64047804
86978847
22800384
22753491
63404546
31718700
40972962
90353788
76274765
99021359
12856049
51094524
43037849
7387768
91496342
34792869
45648083
63371059
69181454
37544425
2957823
99295556
51084054
11263024
68427444
78109791
92803190
38143468
33502009
1849374
94038495
10199930
35229440
45665703
2962856
35398457
89138025
52620105
93697953
53212406
63885805
50454320
80453389
91802590
35739022
60388054
93704004
39549135
42187167
69821870
28153533
98539373
3341151
59901230
4948262
57525990
3720808
40128183
89312147
59800210
67909157
32813359
84151687
70350801
24686416
44162323
87840670
53686746
3670218
99884558
27782133
8536275
50605291
15596625
47292732
4128050
47375389
97043834
10551296
96556012
18047031
22255994
37041383
28602014
25764416
81303793
6190820
93390404
13134190
85359594
65303936
39023499
73477983
29003457
46746762
40991099
78039852
87005029
44018045
96945425
75194140
7312731
25231387
68389311
70040116
80943656
25253562
55720361
72927443
46028643
90550958
19110587
8556054
11667882
1779897
49698097
94619934
30548707
29818139
29588975
28822989
66211019
90535685
2455214
59942759
89159972
95834266
55468916
46041753
73166624
40941457
73859868
84315398
8565548
24813299
40051471
32579717
66551144
18032330
94835533
58603570
7276011
77417998
409282
19401515
61912398
30658702
27805078
12216336
6805269
57323442
3126888
88746459
61102796
41674862
35946938
83915919
42648861
3734958
55523774
87413547
85687366
91634446
15064129
69605056
16778206
84293564
6781756
7835596
77088259
50453573
2378555
41631894
28373077
82966317
98075561
47744475
12416286
93005915
53693067
74358245
80786731
18909956
74885078
15016936
50891510
76345287
70703644
13420144
32352729
25258218
64774113
52255516
33024377
74544382
352014
66818564
11272950
37929572
2562334
66989929
82586608
98487336
54405916
73548954
72934644
76055865
9130974
81512163
30760356
48856247
20710230
73282156
24836543
67028064
84938336
34351071
76514440
71786147
94694438
67671149
47286158
43647381
87333459
206291
9028976
85157282
14830410
51145572
1318782
73628781
62267060
71039633
36052185
54437636
51471667
97599102
58265525
14484563
25532085
34043257
85197864
25300285
26423272
70191919
86463053
13187541
64227387
17104049
88814846
42138555
17095511
53907416
24173663
5976793
49364111
7358907
91761737
16944296
6022370
53297633
61777769
58668309
60259614
51443745
36215248
13735303
58095505
89886924
21968854
96619916
13700031
4661371
97356951
17509350
69621206
22258145
6377671
6612701
74959026
66501069
66411
86161382
19001349
45178597
23158082
67017376
76703203
59054647
70396556
65450439
19892537
65977266
8237142
67324913
59991488
95172115
84738856
6603502
22314160
62392256
55814061
61279761
69186090
2007010
69455168
95406553
77055574
3549568
12123114
52873788
82440731
1978469
21997570
99883488
30644542
35888469
86798124
68640148
54431061
3142619
48394507
13656089
70651471
76418359
21496063
58416993
61667401
47028968
75730715
12573550
96823909
98269222
37461020
46460428
74315553
27497208
6353765
28548392
80115188
77252780
16991297
43843250
14336582
47298488
36937012
96485843
48255403
22844011
90070297
61754379
32682614
95884650
5801314
81126356
71435082
76510866
92459722
67335474
93399353
9547034
55149388
94775937
20867734
99471308
11883139
70329277
76040364
86430816
94855058
27637320
80281509
69162195
93101263
92638900
95767860
8639662
7280303
82456958
19298454
22751720
71184827
29166348
67581240
26409874
84024549
78992864
61309245
39902694
33989454
33826975
75329636
23368126
1421973
66990422
9028127
30895515
5766012
36323275
88355249
28903377
49781594
22433892
98214231
37410313
47976023
29849941
99670241
96547031
68797301
74665190
43267636
13900181
32941553
11043376
98355296
70344149
67503009
62530977
39250067
64686150
87804239
33373073
24636654
35769991
48181729
46148738
7313668
652214
75759740
90493156
46873414
87105275
64528489
64419760
54815273
60722293
53111092
41448421
66698432
33722119
56946169
8039792
62691652
63227562
49369317
46354007
83187560
78438626
29274862
54242663
76303193
68296018
97521422
29940816
55620077
74449782
18280824
84746529
84189691
46650172
65771895
6655556
51784427
31753484
41218796
42057365
43867635
62616073
74411005
34435250
21571847
37252289
98910981
94821683
29350734
59115420
76986783
65853770
35427719
26143202
64500144
93905151
37714835
13360078
7206963
23854309
89207880
89434369
3584465
49979603
64382843
78687098
57882976
7456816
74837312
93279244
36695751
76641002
5904814
49866815
3948185
55851206
75563754
36129428
66345582
30381015
651536
62669835
86928532
76559283
40115354
17807457
3912266
39462339
94505716
82006284
47081785
34527637
46373676
13317924
89578177
28137909
18518770
64381416
18125761
8187498
70163734
99219742
885310
77283896
32705095
20481913
76063592
33373816
29832238
75435551
91667700
88011913
45784198
39823810
62508013
52761379
25414056
40574967
62181107
17672815
15582042
51222250
92165645
62054231
68418696
83364299
60317694
76183850
39216835
32728536
78557081
7357743
87797504
52556589
24036110
3851477
93568743
91606837
46258883
82522901
90132958
16535520
18257955
51378284
54578982
62464361
5121921
51118360
35950522
89417676
37218006
72309711
40693759
96575056
36585629
39031154
59213534
76997219
45225469
18575212
50610183
2167284
4413582
67981522
24726392
11635913
80183549
20976475
20839864
40240627
40078316
1557859
20120439
71374144
59500677
51804841
33823455
56132895
349349
6842075
71543611
86313620
88583176
11393897
39544518
93720497
47713753
95832826
70693116
55802030
47180492
4351826
17846292
2948773
9242445
85431158
56340445
98097096
92698496
7151312
4259380
98386612
25456340
5407100
81624377
27183804
28167176
97090854
88459844
78808702
62088504
48780078
51000020
37338580
73431317
94066435
17384063
8552038
68457156
80483418
88528503
46110601
82010767
47323367
64362668
12551438
87110512
8153072
12450840
67561181
79223877
16377828
50579921
39868323
32075490
94980906
7067538
28195908
56045420
24242284
11088944
13499768
6987003
23526503
61073929
95070018
23675736
75248151
43525410
35771103
18545370
75176047
11271389
44501940
2952508
95246570
96514254
64540980
53149552
56488868
5245574
43244797
960261
98847510
89610071
23760103
71431134
45760481
18811129
43934251
80010169
69856109
92591439
73844430
94136370
90668120
55449490
10244138
30500811
64993173
26613311
74870728
23271729
84823843
64899636
82508875
59691140
10294245
71746479
66321732
68837717
23483133
66981790
87449680
63498906
58138602
14288020
18916930
17776367
97324521
93637121
9565272
88925803
20649615
54171065
5086948
65860991
11579444
95467813
89630959
17440486
17222095
67588372
93129099
22681713
15352077
8358010
12186134
31842422
42978557
94425193
94352018
72256360
31176708
58224473
82581491
36908808
22197051
43214394
80201985
52307009
64213384
27510203
91638503
34685338
25575012
75375332
53235339
34051061
6283461
15655155
32638185
8193742
28303966
50727515
31374549
95512343
67478074
43847012
70422216
35961510
69530361
67767598
55267858
24893985
77596692
51466000
16438374
67373935
74664640
57597988
82473108
47496374
47318725
40649096
58254143
61902976
90454426
70155542
64907882
1927271
59679168
23903918
23316076
42467503
92787770
5183312
43263870
28146247
66009927
8412615
83528330
85043715
74392906
38969553
41600523
40936897
67051982
64758606
10549642
14616981
53870225
40857287
24567526
98186026
63569241
43558747
52325820
3747615
5937479
55113011
85268533
96805189
92404116
51081839
12619989
96881075
75173063
43655561
70094542
80406217
97175219
50519388
60082131
2650945
68190058
6819814
8847698
99898603
68321857
84182707
25345205
37855490
81004489
33228243
62224927
22811854
19953414
89384894
60731434
57001457
3618958
69060371
40355375
64233129
11036478
47568537
77168792
15328910
93771952
72711884
60151260
7847830
86962047
1848520
58854569
29972157
12172007
92074216
56348857
24042826
68557636
2058208
28842843
98328302
47314443
45332406
86511752
81726172
79253343
15505026
92157057
89687357
46037474
57473869
78197957
37851354
77803342
1860597
34931488
44276039
31214046
94997848
64315612
63773361
59499309
24471589
99693540
17101405
62225410
22618156
78419342
32542903
50806080
25728961
7068617
35981883
26388270
11734186
62369826
78365568
84056540
26347461
93317850
22746856
14207809
37317032
57435437
383868
69252415
4838266
27399903
43611556
61756788
21215085
48184983
7441771
13246664
86594986
88368978
18896693
40992102
1491329
76015062
22618447
44057225
63019473
48431623
70878560
92161483
42509519
68173682
2136711
23788211
43132152
81061407
93259483
72803744
94363262
41588622
93743636
15752770
40553269
71688035
43123466
54099317
10409814
95177730
89685540
86451486
64124996
64259022
71812332
28564727
86010606
23688933
19023056
60765150
68604174
65339826
12415731
8387262
89798073
54757131
14696419
48137635
52792914
10963803
26550795
79026161
92694874
51689038
62134945
97073487
55569187
64880546
92685024
85684157
6633041
71358533
7693705
24460213
90026412
40748692
11023548
52070126
68943408
25262567
53927457
77187593
58368163
71020486
66195181
92414793
31222361
74603534
48840992
2328513
4414157
4972259
88548057
89923096
89948327
15651318
32956306
21058008
81551434
74567079
69826981
18873613
50892287
10716160
3871223
97439497
78851325
45755011
20825348
69568277
54143194
98233925
4380961
77032804
13619859
26368422
81319347
63224414
17177465
95064616
7078284
14629043
62118070
54655336
87479255
83380287
38231832
39955886
33153564
52726345
55981078
57438103
3606541
9512953
5559264
48504091
20905899
39605340
64057436
67234954
12537409
53988025
33756470
84265175
53714994
71517915
56455056
75950823
9157244
77743129
86917153
71932057
58855230
61041372
66145946
57882934
27320342
15642303
77826806
97821401
58636823
65481088
85101460
29605466
86793321
80808243
74034306
35522501
15446987
2888116
21915799
28496492
54305951
62770464
67416875
1037658
50931557
23720210
46688786
13047951
66645148
3778369
5875466
75391293
8189281
52189238
58293823
6735538
12331220
99001345
39770829
67102962
43227356
21089169
21346889
43500016
87206568
98806479
68446339
35415493
96884775
53732325
38773605
91952970
60771672
64918774
76015307
78287707
32065741
47654665
14843769
77833352
17222953
89421224
62529717
29562662
34900386
83497169
81251482
48020438
51277278
97442207
63736757
7030541
37416536
79873677
83919678
25372027
86907557
82362378
77294752
70392455
82428486
62711740
86461231
43088308
84739501
8411458
90664450
25953532
79328539
73593760
27116825
30666289
70061366
30508340
95522329
84405162
2092553
66798896
49567075
43369914
37675826
23392
43659146
30807491
68367944
56348058
54378050
39239739
36180111
5660538
38951982
68201627
31466899
7785558
57996835
50793292
36078616
93592599
49587676
20829712
20046395
38712509
57965194
77926437
5654915
90901518
73542128
23801245
67331475
65453102
38610781
44436685
35172092
26585454
97017388
60424678
55941084
35966946
77097869
60738160
26829764
63888844
30105889
46692671
57617206
59411950
76935544
42144373
40963493
92645749
31400849
75739932
80298989
30553141
76323631
85189501
85896220
14189433
39588894
80002344
16767600
36939455
80957005
8545605
77279893
63971836
70815335
77747123
4751062
87548924
3192657
31099073
68291144
4772883
11111860
32535104
37873382
59037146
93119569
58586125
40676229
14922606
12246821
56286126
73170738
7870320
10134812
91554398
4240488
85574230
47589714
34637933
83285334
44126846
9951998
70604393
3348909
5120076
84039756
4926205
46657016
16617492
71984427
88167503
9202740
3767303
85074492
26527769
1977645
33016135
58232184
60247706
21759504
23983545
33877540
94131338
32647264
87377993
5938172
45969952
81872618
16713549
81454191
78304027
49944856
67248492
10589883
59894837
5502433
90936696
36625489
68265206
74519111
23557293
66740903
85403348
26209849
34885861
53744524
78441316
87467587
28896538
22563855
17612908
90872306
64345861
52145673
40845940
24058740
67520676
93102355
65107811
76690363
49460814
63163705
10796276
20890753
69244054
99885485
20101528
59677856
61070349
82374884
79646433
92687950
56187967
21876746
21914435
46882425
55137078
58055504
84536430
99082127
63269643
61387910
27752862
91344374
39371513
80244004
73302425
83053217
48610124
47245729
41106639
95651225
47630568
3783026
36086794
53631246
29217033
91259930
13496138
1449622
42685371
50352354
62269807
77394952
89657531
50622224
54348161
94902802
43592614
34311677
25690682
57676509
50780734
67409481
1330864
10874562
9569878
2929006
12309957
75410571
97708712
53519260
90752409
36595949
40340774
90561552
98025996
22275417
75855571
82404541
71629550
69193445
33404303
92797617
7682091
60873810
16557115
40844549
69879309
49770965
24982835
81823541
25664442
7318628
22845451
90345421
6703683
24972583
31739342
4254664
86314557
85297435
4553092
15751939
3300711
80562648
71912660
79225286
35826713
61442171
31376855
77574322
4386514
7065484
18015518
79601572
14373207
83586075
96279929
51941681
53665170
48562004
72111560
83477706
50673807
7073542
26791867
22834800
51765932
77798834
33537249
96514748
70633963
86402329
14949626
75857264
92487440
24346978
36874959
27718311
8538212
10828570
15231519
63470258
73457286
4398308
16394807
88037576
45039989
69471373
91970411
66006502
7097266
60480566
69121834
62913180
16812676
79418467
24073960
11895474
37630060
16343436
13922382
38734425
86754310
71034856
96777119
94856470
88573887
27572934
39045548
41954873
40722041
93638534
97741461
72713547
66023032
45339131
44609975
91670100
84983317
29736387
75197106
14506348
91840075
77690813
34243190
94527305
25356081
99038812
90354462
14773035
46799280
51200256
17298042
72009848
68647002
9477677
67536320
31026397
47049800
4816049
28226546
15174801
60496360
10748281
53231424
75130551
57460478
47612111
25339484
40354903
30606195
25630542
7794333
56165800
62637763
68614202
29725149
45160980
74665280
50182178
42577634
42577837
45867007
53294440
53857860
74445828
21974272
17039130
41963405
87907212
72861991
84859751
94327010
40024334
53474589
28565873
36734751
71838406
87003764
11334612
19310851
70109668
9285825
128915
38170368
14030045
60543881
25474933
5989800
11133235
81578716
27932338
14327815
21320958
42075589
3950391
27846074
99094395
39345046
55635079
73037773
26627141
8408182
22110901
30748617
78387750
52355918
3240287
6894002
20474137
67856504
60026245
70633596
48049143
35965660
15876177
6471735
14810620
8171895
64122791
27349334
32553897
413478
33540496
39785413
24931692
7000028
14436576
79494556
18870687
96546558
14549239
28576858
4194551
45436091
12623130
31681219
42437648
60321034
80575358
11795630
6541661
2128595
46186024
33663824
6719974
18161498
15045754
15408697
61041711
11296585
25210003
373905
38224614
38978448
91092967
96074739
96937913
18440592
71936479
68319141
25613896
98897796
86198376
78772155
8090955
29215634
50554393
21003797
45966401
91104661
56222580
78688191
49171435
59085800
15912505
92921479
722141
58444776
95216555
54083359
7729801
71412893
1271550
6496797
47603260
78513078
45829385
41131919
24485829
86722245
86434461
61048574
15170940
38877469
66521644
69415794
49277032
48628133
13349726
63425246
78417550
12677593
2295231
29776395
29126814
1884672
77482869
93722347
41961421
86770201
24627222
98616048
89706444
81276116
49402223
52017724
18570763
63836305
61137004
85798379
79994851
7062361
61370370
20421083
72405273
75737757
58101208
21194033
44098556
49821669
55378342
80266906
55958683
20381830
97864802
59616928
88011505
26420406
24514767
37511322
21031418
81680964
78457620
2448898
29782590
74251636
2945827
3405167
1731751
24889340
45825108
56327355
1955553
37583853
18268152
91155670
41797676
15285107
95672892
33591123
35610275
88116963
14572923
93848385
87387086
96814104
61876586
8940248
96670033
81344020
30798078
55582865
85317113
73406988
5698585
97533940
9694168
59598159
49898593
52839771
16164274
2830337
96356083
99828550
59036310
907924
79312772
80391406
4082872
30639549
54562493
26709169
74816535
17868318
46140142
69936351
47752953
91930284
88937503
86888026
44159514
90279638
84527503
82464055
88737763
16965853
36156564
85254712
6795960
36080111
27773544
82117320
69691704
35755565
63714372
84187669
40090174
84446433
80466199
98827440
23084428
95740361
72829155
48295499
25410276
17481257
65654654
80190392
60169554
23323600
40045069
23835186
25005277
43674244
28020427
10901305
67553486
19589245
783473
51799935
11664649
79746480
97064128
85504304
3768545
39539999
23789201
71360068
46757437
96284763
7012349
48841072
8894168
12224287
20897926
68397633
3688700
92202540
3173719
56513700
81182303
78667215
47964255
23054409
78604891
88692466
57603167
97131995
26023952
37033144
89129639
22808205
83057199
94165025
17818775
69402963
27864478
90177007
40879435
125607
36655701
98368766
7153055
62498135
6147689
99719098
21728989
92552915
4707461
97303237
76833154
99479442
28567536
39925782
24830182
37735704
68351897
4864691
29786365
81530110
46837944
33864169
49906671
86389210
14561733
35678760
7541820
22075362
39980783
28995848
65413592
5546367
73253680
78665017
24143979
45938166
99915884
58760762
13979540
1526763
40786302
12838478
52134185
99414120
46198573
71500472
5095485
82830631
37118532
83629367
87369603
73223678
33562594
88667300
11871454
24568861
16095932
1015831
36378717
67316699
43172830
90636823
13614773
1890605
38150055
17988596
38778633
4794586
17456761
78119463
32697408
55771407
161221
29557638
90487985
6462715
25479795
18237003
28083634
31511539
36725298
60817628
34740912
12204369
72230507
87038178
46990841
59703780
80509838
70363679
89550278
30193959
71397817
78872089
30570039
9435303
20210802
84692404
16264061
10571322
962284
85817997
99301587
53304231
36932512
59578420
11872370
46280734
65925873
34222121
29359851
33608131
11478242
3648429
8537141
68476226
46908459
20563008
34228810
20417748
68850919
86970602
81091446
28042516
44536306
87862870
36709704
37246557
98962396
40907782
17995926
41831000
81477654
30297393
52647747
81659777
55476603
93189499
66602724
61389481
23219036
71628551
60929119
78136913
66105127
18598691
17835856
58555109
78380195
12783239
34910637
97207995
73481409
39940453
69189798
10401173
97709706
85642390
94822387
27413048
75390830
85056676
67751703
75176171
37933394
81080394
68367715
22825512
26617466
62590286
63967795
31698253
48213258
66161283
90012281
77946909
58547501
46141030
95730942
28349208
45648979
3344150
20537070
62154480
4619766
38917945
47400328
21506915
91619718
44451492
20009044
16911465
53522457
29610404
49223062
63655714
63930567
87547866
80884339
80403134
34059915
99557816
95145112
63247882
42991771
68805143
41191025
74561546
78534736
25040200
63617661
90576168
89877008
3684392
31748368
61043556
27159112
67587346
74326184
16796319
33547046
71346863
70260984
28001654
5657803
53418425
49257856
80235761
72233097
31074821
25612292
56541498
55813587
22000364
2109804
31853822
5577975
73164387
31135164
43174250
98578533
2477359
18643887
82025770
49308838
99364035
28453220
65675526
37715635
90928614
14214514
80377432
48207129
39938294
10005784
13629363
65067980
96312625
45386716
51712713
67696462
35513115
1212350
26028176
48214392
5510296
65992413
55796830
62673906
36123037
19696448
75615973
69431482
16908833
25824750
47055074
46049107
33135181
20165432
5564513
43091009
8883462
13946941
26024655
32647106
67447209
1724561
20111946
56729011
58806476
4887458
15924397
98244410
3043605
61874082
26418358
55056905
99163726
77276093
76506664
35008773
252198
33981824
2549505
62092424
88623182
83887133
14183646
30382709
35185544
66967722
52978684
74281671
89147867
66512602
79254078
60204787
858207
30977875
78774828
4309880
38520371
74018567
81844996
53041288
27516313
10306935
75835996
92721397
35446502
14314415
32254862
52568199
72663761
65593886
8401819
66873338
93230134
21837449
23224670
84936141
48300496
12754299
40662721
88379756
61192231
54233354
19694542
50822727
30163648
93965581
55098743
32123008
7434430
29741210
11488025
98327466
53428813
44448565
80310037
1502683
62877745
40286789
83397413
38054230
21630024
3602838
45581206
810486
49240109
69510134
7014549
42651266
8808911
95088773
71855277
64996371
78773630
46702915
31973015
19268040
52019512
27811554
74677703
39356710
85830753
65656477
79566532
51316749
99316425
85334617
63619885
78361249
94707629
28331634
17536437
52694439
92796447
51941016
8015120
34638003
37268947
74379301
60684793
22889506
56105558
74050272
13811593
99221128
37081762
20057295
36680054
86236015
35133458
55112779
8314476
88243166
87487428
78171052
2387730
8686807
51487349
85893825
71801752
27198748
49022968
20921652
79673628
88053875
95283053
87935962
10925857
27153908
78892408
14779494
30103211
10491870
84610919
76570003
47991800
91891205
62311563
14464795
96341558
88191309
91526281
70707346
73424845
37133973
56125616
61784977
12691150
21233004
48792773
23673996
49364653
12012443
19498514
10799382
83757825
42346991
11206831
23320028
62032234
70288925
42803199
79483485
76307858
10693511
13885102
56465991
50613012
98500270
58945933
6387400
77458467
40815363
90224908
769417
31502547
16280875
76998861
26552421
17902769
97060236
40933317
70521332
94478661
4188956
38328759
49012258
83587734
17057695
55002175
47303543
30476671
21676611
80345025
59563998
78591445
97294474
81359372
3751934
53446487
6102700
60688472
99613882
96496898
14944918
48992563
70698035
46386932
18419476
98382086
74571782
86101770
36984285
28723366
43043686
60650249
79963048
95276137
74633985
11822437
4665274
87000363
66888205
80499476
23761538
35068909
1770434
81757076
25394828
72211952
35149200
9598397
21774246
98809795
78959280
68629815
86649960
12617204
25662840
65782218
57781426
23553122
54600397
39404379
50358018
40701054
22014942
82327073
69270321
43725197
88396759
73992414
71533537
95885884
11925270
21953785
6223620
62707577
51602927
99279298
20803000
29739635
78631992
30149837
30025871
59620041
84812458
52605806
50358032
94868841
29642074
51548273
80183329
9184133
14932461
39257909
6619928
79174206
23208141
94992593
91670213
99180411
79965553
78428722
18915950
52864714
83906078
75807488
30651699
57293238
37698858
4298846
60028198
92276779
21555516
94269621
59786994
26914797
56346422
1336004
75035629
51592200
76383303
20751460
48694168
29855289
63342451
61421049
99498853
27096640
5384007
20591470
91490839
63327921
87754971
82389481
61123284
89014739
60366940
79144223
66440538
40639921
81941006
94231910
25210142
97209831
62120414
49701343
27464438
5952346
21537605
72220769
60671123
58894930
85913871
8905100
15348088
51770107
80546933
98786392
17427757
84633014
76788659
3888695
24789948
71811851
961431
12068336
18295293
19628725
34750697
38376942
76722766
31138819
7905963
40876317
1086473
44444299
34287827
23586371
83534089
880258
29202503
5290733
53737847
37488897
35004740
6506172
23935887
80951634
41957313
87850605
23090490
21040065
51524995
76614003
30147743
9793022
50583010
28739573
76020894
7492896
7541622
18545196
57808279
72267660
39236492
67900250
44249451
65012314
88911861
33429655
41926762
3231681
78665480
3966561
58534091
21186313
84286762
5709919
96481485
11104976
44346639
81837912
25712981
84200151
20520505
94498161
28304220
53565424
3139146
98897820
55539701
59456806
16283066
52062324
38860331
12031055
62927278
66358503
59382641
37575127
64070111
79782390
77992528
60230694
60353154
98553142
86894079
1116994
54813199
66384790
59580593
2383259
98990909
52166709
82161975
50536058
73236604
19244444
33331649
11315193
95653967
49191575
87062490
98628218
85815040
18564346
276559
99416724
31157359
52150566
56206160
48136573
47736381
26037217
75479371
58877480
96356983
32040526
79356364
70012213
89077869
47366676
15032528
511934
62876809
75997890
3996553
36295837
20457460
74282614
68793398
28191656
28787626
33176218
58001314
23555946
46038605
15147411
14089312
61178670
31350318
85194515
12554602
34569989
52640704
29980419
59292256
70898748
53133345
71719172
46587309
47513638
69441430
66582504
10239280
58158568
56275321
67555766
98130993
99786858
90599917
44461886
90759763
87909480
66702872
76425313
24549538
1495757
80396072
84182291
36537354
72528459
81903440
49904274
39832007
94923975
59275231
72721673
3685198
38218019
2600831
86744800
18135383
49895094
24330761
2571893
42937184
52628123
79476509
3494804
60225902
95900169
40149213
19015253
43801529
55174738
29669105
95088841
26041451
19073331
29431806
1823455
7821787
63142205
4225671
86871444
6394998
95415932
29839662
16012203
79450825
60271163
2797990
28993855
70849328
64030407
68811001
16810369
28703628
3908779
17081868
26001514
13179763
11122320
12505397
2378274
55698312
52449111
791120
76836323
86506646
46580616
99348746
64192671
15766492
46125467
63845938
2239402
89895459
63355336
26684999
24867119
57378757
68702327
45504479
43532927
62055809
14653215
94086474
74813861
91310652
91100226
28060379
64892745
2882482
91192055
28466204
4166805
41028823
95532835
15854379
18780207
29213324
32354555
75682913
13845161
86457665
3709633
66505812
76243455
57066540
43274526
2171416
99546338
29073592
48498333
55092251
82534764
50584195
12128893
84031101
47874029
57474622
47702805
41958320
18310553
58968209
17884769
9939848
80058154
71434162
23200511
25365841
98234115
82650278
79394554
10405663
45110605
3278392
37092477
33844411
23212173
42443001
1804804
58680349
22441278
7162846
69919838
93803105
78414121
92285516
77364603
33862644
57567425
63681319
50515562
62869391
56295072
20129277
30505349
60362628
82240304
1943729
65155108
49815834
53423700
93290587
91691397
95453547
71712298
57931806
17291702
32311130
88233059
50974622
86456427
57431589
71728019
54793350
22461787
21450919
70320119
44489744
34200118
75967640
80729877
90255058
85944041
72139775
79922029
5409010
57881080
76561314
58495848
35165067
55886762
63993040
31614300
16702704
50399824
42111116
95327831
73642866
99212055
57865534
33094682
78116683
60883278
7745548
32914997
92148673
56128827
48789774
37519568
5686621
63996503
40075158
23810141
70299679
29011689
77690175
15073063
3795207
67810642
35807953
51115840
42528258
74322337
76409249
20318677
17806487
44130138
30357535
30333083
56867725
13827030
19209263
10170606
10454951
75249455
7384806
96664836
83669678
82531364
76400820
12704468
75297589
53764155
47396300
71768486
25439566
69354916
80828743
6113013
37792607
91403635
18562889
89850002
46194756
92932402
54205282
44183844
34641778
86434515
83676150
35818886
51265902
12203216
10318856
78019956
42486129
38358594
43596673
28975753
67199700
54161927
42379595
86403451
18658843
4055655
20670519
96443428
62456300
11164
40071872
2307396
29979710
49442629
88258448
72987154
75355625
57778011
73698847
8687041
5490143
6452440
43477189
30733819
79507976
28610625
7820626
19752118
26812507
14317477
59862683
63099933
63575502
58513690
69997507
43662924
90282833
2014008
67909041
69901686
68348961
49228783
5233540
37349827
24004570
15016234
97291523
99841932
36711452
74777719
75508860
63205000
52638330
35802409
82879247
54861206
74982056
14653628
63165371
19943622
77252336
20970656
14717428
86681077
54967626
98105220
87758313
32856957
40261042
31040335
8166907
90801364
42681853
80682091
29701049
97558140
8240416
30187310
51214462
89812651
47889511
51665834
41359503
6916220
9247290
85092065
55538461
25091012
20076752
18929039
77007726
13461639
6784076
23990246
72963409
6044416
47507770
33501986
19473514
77698971
61898475
75302888
30002840
87728145
38372529
91184379
14798268
94755147
55783011
95695981
21851372
32866368
11322572
69409929
92561958
45976502
9268852
20828720
73261530
82865658
93898283
7038307
18046782
80168839
43834509
43407086
63408544
21340860
26548059
10623
86532554
47925218
64294385
95182431
81885063
65436672
64307714
90237419
58818726
43545846
71117704
12767436
43795613
39554631
50251497
41079035
75191857
29209592
43299163
34426713
20743342
78365523
35231119
40706888
94052741
62389332
68151939
55161754
22785958
58072817
44715769
82870778
45622780
84059343
52871224
88324301
66006952
40354944
36324577
72169875
76199579
47032299
14085934
98771441
62335118
3160677
48818151
59100455
38091330
51082502
38504452
44285996
40755857
60796653
86497885
55985214
45432199
85056846
36120048
71787026
95796741
71751237
7990534
89219033
26539048
21201149
47576621
41068869
69520957
44987732
61637752
60969350
93004611
41100073
58584826
84970614
41206002
65520134
17178082
51462619
13967378
10396243
27441221
46575436
26063018
98805698
72274660
48902741
65885257
24005668
61189179
57452221
89390669
48258380
48351345
16284569
60418830
60403038
38414897
19934669
44969287
62976682
30932927
1073323
70737805
31609270
22476689
80744363
80852698
46461644
23426471
74047543
67819801
93063652
41071606
4693170
68571555
97740022
96918004
8989273
36883474
48392759
64670882
25171776
63237131
10104493
87402002
68098619
79701274
77300652
80305726
84468472
8089161
20756960
83888443
67894890
2306060
8945884
14121704
42212244
35295178
55497773
86187761
15760473
6152954
21902103
25569479
81091507
24140601
30025121
866394
8382271
86906265
34646561
8613507
40009587
28440526
75951555
5457888
79547762
74005575
35183707
62252514
67674916
42314031
63082149
26991616
5105011
51336351
36448488
38387766
54492001
1830647
46363722
70016905
69786901
23809694
73972884
23949994
78413238
85234432
22874429
10302268
53461227
2823360
50408475
8525048
4692769
17614544
16628266
46079776
52278664
31047613
44490832
32467972
34293530
96077053
95585963
48482128
19868575
49570692
82088612
13412968
51293898
68718029
13079756
2807228
45341913
51253628
44770113
17945357
16565327
23218328
74267745
224264
46530750
61529309
15676907
79854041
37067127
41168131
52899616
27565841
80217596
2595847
8422817
3659309
45067012
77261159
24235594
3517760
89177538
88119640
79064752
96722722
5569023
48502735
24644172
70403015
46575060
14073360
2032714
27017679
2112208
41963869
23932390
30486665
45243432
36073749
49060654
90184554
7595591
53135328
32252309
92370341
92706315
21175641
74124415
44073817
10156059
23730986
65919758
83400390
159018
13384303
48241802
34794058
29066736
23764308
56182902
96002325
89225856
57542888
15689920
63416925
84532261
4807858
89988988
95685724
45488631
58002444
78362741
56992998
58056134
21599262
43553443
54625128
40375400
77298654
37831505
41870050
44550218
54460907
47747342
91792589
94983478
19006155
50977463
53324118
14409490
35663170
82954476
62861483
55100642
70317837
18740841
78902078
38718571
69664994
6047655
92714430
12867398
70151178
8686499
75878717
26542287
55853682
94976848
92364809
95125319
59599063
43475459
88435108
41506694
95129151
20693551
82875616
87712776
59723316
19847463
44347298
35693823
2957208
93833168
83334436
24462014
31727540
47156811
72827140
36601607
78813994
82788839
64615445
10815831
579847
1045770
49520526
58344807
59379142
42883100
48818931
51081691
32258094
88435940
35294160
50074421
59320270
24410523
21149501
91507612
64099814
45290792
38656002
87345657
20846205
90582565
65065751
20492171
80605359
64419666
64014060
75920932
33027062
9231097
73429498
96595312
27853638
96917002
65777888
67427438
46830657
70904436
49667700
10386005
94148506
31057084
3091244
97285848
65629753
98962573
62122250
36645748
44701645
85909468
1033934
42672943
72585626
68066297
92698820
85066666
12199184
18541035
96792407
24991918
1732210
91200806
79882332
42536374
21091950
32344530
21001075
4304917
64318574
83381939
92240348
76996971
47194924
52734729
31423420
96945627
72321174
37903339
36773587
30393994
20144851
46357401
21527140
10950669
50356449
24450184
20035137
81229657
13823013
6089793
72445097
49002080
89605603
71185273
87422090
36019933
26230849
66817921
73660711
91418628
40630731
62187903
76770821
62216944
87726247
3758205
65117887
36552703
6501663
10781977
14950133
76789819
86446668
90625960
27657430
21726766
50707131
35694011
77142274
62972592
10067421
30082894
2630692
13359435
61023116
90009978
11672642
10609938
38808960
47783731
26321723
75074198
79302654
92076969
50834970
74971758
1074348
86992215
888844
7852064
94905313
99431197
90236521
88570953
12263153
42050696
36205099
53115886
47246955
1988734
1494993
59072046
40668733
75131404
90961669
99922778
41437207
64393891
55191486
90300735
36432070
65260301
47548703
12099584
59265818
47584184
11400003
91553797
66403655
62379966
49965435
94946992
47921300
82658124
86550943
58383355
49332544
29423773
85557673
84854184
13075925
91481903
38292758
87234817
80796692
92680019
60661958
41267285
71286276
82616882
61849708
77385113
29729991
52282179
35593036
68949080
69443091
2732624
74458576
62199838
3423671
42818975
89118265
57538813
28636031
5229037
56250341
27144921
1231678
39865388
79988427
77494925
18996421
68141776
74737887
58694337
60698452
3454909
66503386
10750403
82212663
24635946
97691986
32999214
96749959
33956680
74247752
46712003
56153974
15405093
6718867
6086875
60318560
92772424
63835673
76939675
81885542
76360939
1814888
69426880
31162178
15801752
10669004
67854124
93652976
54231364
10393162
12612334
35093205
96020936
3281433
41582242
99518125
14728610
49697891
48021021
78012761
32043232
54405823
48111836
649545
667666
94042121
25097270
25531064
72964136
23592861
34767853
40739342
80782778
65014883
76674785
42460881
64656792
31972882
70826008
44505661
10722631
26374204
48575787
13171857
66724384
66199743
61550468
47424651
6113228
26012816
59546685
80328401
86781094
80647741
19778764
34968419
16724724
360308
70955246
72179857
76613711
74142182
71809840
61564001
98597031
10049867
48075559
46965957
51481712
27146484
16593546
13497402
94539674
64401326
68971664
94930409
57423014
54446683
72902958
86391434
48952503
32553572
62944698
28688604
27306107
90078540
48628290
29792390
49910638
67062144
14949239
53493403
33636032
72496615
62185625
72702268
88663360
94973785
18072397
48804706
15911629
85576958
40953932
23675753
14866206
50598587
56358830
44256087
76682724
50784465
50050946
9236849
44227047
10403527
62221137
37170156
48021038
30421594
73463828
38617858
96086466
26395274
83702066
8896101
32055542
33164905
94491602
49670422
74872326
12512620
12389190
52900986
64860308
5338032
93291457
55505895
10248864
20965082
85882550
95994194
58987101
62248931
76883388
32927685
52845218
13325540
22756907
19423774
49636033
44482674
39142815
40496982
82696209
75221015
28707509
60363640
55110311
48982068
56636090
66221063
42184972
3581737
58626510
55643272
48976580
93037369
95852191
2314998
75133738
35315237
6337196
5305277
38627377
95609931
33852473
68595983
98000236
26921126
83971769
27520515
88034345
25597978
61403901
82122695
23037869
82366968
48283490
41492385
20277121
46355714
16001193
7093997
78855359
80547292
38126122
93020557
56843741
42995837
16494000
13390425
5281295
71069118
18428737
20815940
69701916
60943879
45332741
26756815
32824893
17247416
58332206
40101703
45141837
17489552
24702944
15786182
42837416
36608288
34558974
6834218
59278928
22980854
70844656
33182975
93809834
50670826
74587707
376875
90437126
40420835
27392757
5150215
48266111
81904505
61834311
4207701
22015919
77453291
26406856
44893630
30644722
5285324
16938385
31677096
85062624
4221948
33861259
96035089
93790829
2637623
40480589
14277960
81512130
2758256
65201488
96245285
4598951
74601854
43316718
71550930
47820685
15909881
30525992
98567847
30337194
583567
69302921
18699066
68437866
11537882
42162619
23098848
33350387
48976155
96502781
83966553
93738412
33021237
12646898
76827829
42501027
26448654
23191339
6595528
35927469
43635619
8851069
75726396
24612443
28747960
86408286
97202026
99964364
39818935
34955951
24590855
45283517
96936097
81108760
64722163
13156376
99615752
13696883
73111304
90087050
14284189
98723361
14834814
44805053
34417443
11053853
71340490
23518303
68708259
14586494
84791174
52701881
60036510
18341287
54138287
67356880
1560331
18912925
65981402
67261409
70115877
6378457
95583299
28350562
53111970
62055649
68880257
43166451
50766477
85094669
21386393
89101485
528103
2913845
91312321
42254806
56609978
47473267
94706263
74634187
27853819
29329489
73727920
8228238
55634346
60909561
9936786
56430209
48701875
98288236
11057331
67076597
37381419
79372747
51062573
56147205
56722587
54910268
80375457
7321269
82205216
80839895
13660846
33224979
58207422
71340206
86581298
69050100
54654857
78918721
23313639
74847537
43602689
49359001
54684721
5405532
31185706
75721458
69492446
11898639
11533259
52817447
13485143
39169612
48889144
8468448
48185302
67519568
28169570
64408690
44260437
78234657
35803726
44581622
43932223
46378540
33485040
79369791
85730409
8288932
9433332
80023302
81180095
49379200
14939800
15837739
41363283
39716704
56233735
71598282
12443806
25876382
4258623
59860842
41329920
71417510
23861723
93693263
35703328
36634475
56095579
52236125
90270849
17523602
37338604
35011227
62412044
36680029
19693885
31323153
5013472
41625832
87001468
3766246
43535728
63104376
93240633
1299385
32035397
75281174
35217910
76793648
63718066
63042348
22403356
2939901
46358563
11111211
61955797
11464724
59097922
56955588
45807180
9942000
72920631
31264387
69399125
51334622
43380470
65096881
48878810
33190910
86973344
59007583
19300134
22082240
91189209
36368056
1137503
94455090
49241199
87219758
31617524
67285880
65603987
84295971
63382272
60535775
70704593
85702633
83216810
37583727
32852664
77113560
57468690
69807253
69996295
89756378
405101
54335532
68209351
83452530
45543314
25730002
46082116
83575930
15892862
90121930
9341881
54485813
47372790
50204207
70789427
97665043
57258012
2151455
15379729
6271214
52987464
47946613
20854817
38487385
85669258
69391941
91825217
74657602
7996613
40755083
84278027
84387418
58131045
38185424
49917581
302994
66599214
12423229
39357151
4312620
93250658
66196301
39498474
89281625
29009641
29058071
72357226
72535053
49698477
69463215
99864043
68487286
51636608
79482362
5349400
33894706
70661556
77473878
20061787
79112102
64714714
66254737
27997593
57234087
40985474
27687188
83186003
2716304
89182951
44300052
68129381
27574171
67098210
29472010
63041104
2636575
72970494
41949051
10708253
26225052
55297581
18789490
24923849
1933803
3518847
39761514
33091380
78684187
40134224
72508093
40249418
333093
63492160
23017954
97191385
8465538
83175380
32937357
54356400
24094299
44397334
35223149
43669310
47701514
98675591
44691153
99769789
75653472
67334085
21973880
24740182
53565932
61895417
78854475
27676099
38459161
50519215
78021710
25848790
54036403
57034998
98860769
93274531
80095801
61519807
32590062
57119783
57793862
97208012
89563491
40673905
74193395
14241612
37314601
1043415
34272472
59617199
62840012
31075967
46028057
32954842
12509087
30890855
32447960
27399773
74884239
40675041
9972971
97275452
22256020
92097111
42596270
79706372
18844250
4759416
33437353
36176038
2762302
99601442
36588748
66613765
72447667
38136511
45799497
12981807
60301348
16305283
30907380
8770096
85219297
12592617
20270265
31742511
52868538
88403891
34395542
50764102
52327831
8983216
49532085
9765819
38078657
88305450
74355991
30178643
81303933
39442292
87350867
86390223
27612553
3094043
71930944
66272623
37721727
6831390
73614842
34441360
98959128
29858785
98894037
15540076
64460949
13607339
95339807
34199210
93784647
18552424
51049555
25073370
466127
61748467
70017490
72585953
56978472
47000522
55590540
79223122
17753532
75803787
87370777
27948483
16605489
888420
30303231
92389770
12337820
91234968
14347801
4416291
12818791
59572310
91118248
57623969
47495568
45229881
73559507
22127778
36431076
94634927
63082901
91971689
75909968
87611317
96411966
746462
92443847
54612885
57925191
17403522
34020671
54223463
70811331
25022876
66777147
19115499
1886890
57397685
16508526
35970039
15662238
88531153
73797251
39881718
59990587
92850567
74589152
71231942
48994599
28561614
10926603
59550459
77814798
91658206
2852550
78077905
70845918
40668057
63330848
47127451
88041105
73439386
72315070
20678490
10972242
89043766
88422210
37458194
15412067
84716697
97871184
14492206
7349673
75945588
24620015
54860857
28178005
21024765
96992569
68323234
48251788
89911959
96100092
65751526
44879032
44379501
25650150
86345930
67385287
76258322
67732746
17867710
51400889
81256563
87774773
64259322
38024248
23310192
48540555
97741068
9397823
42505896
86829398
20873769
17657686
65381096
49851393
34474400
86839939
91626893
37098980
13839920
43716227
82897423
20654916
78760509
35793627
54528251
13938725
84441654
39737580
27496123
25801522
38499998
20478219
46353082
83681636
59918097
6248715
96450905
70303836
19507947
90967827
86838417
32252248
98859438
99999646
67991940
20001836
11178808
77345772
92189966
11706308
27840340
5995548
15035677
24133426
8120715
73249961
21014819
71428467
84775759
91628606
60894957
77430757
59772747
94075566
7232237
15997501
23612214
72677090
88885005
24942728
12736332
47401742
59755240
65459102
64200222
76336921
69912831
49429342
2951589
9903289
38741066
48303237
77051125
1002544
54864194
43500188
6211523
79577480
35328139
11707892
51647797
67809064
88154375
76540549
35733834
13798607
5789025
81459681
38364513
50761196
76551789
36885643
8226216
54915060
45983505
84906138
73971930
90174706
73732450
59056348
90065450
91685808
71197014
74524728
62556413
34486828
97206048
2929963
81363893
80883255
54684369
868250
98691949
49941743
87153393
68617931
52442845
81609391
11089793
78377982
21014484
97943226
13903327
95860895
79215484
53495576
7135465
66688176
18018852
91995915
20692068
20870461
11951313
50122026
82700111
20316671
67889743
20908494
17470960
17487450
90770411
75381656
50371845
74094064
95028881
95181307
99769970
45164149
22194876
67560442
43587687
35727715
82118271
48647022
84107565
934634
32483814
77344797
48136650
63498563
55824109
36745206
42526280
91251856
47808794
90593771
14481515
22569570
65443897
6251296
17039757
48642888
28237720
65769964
28416207
8443656
18520765
73929802
7519328
8012728
28041105
99395971
15000836
72254755
33585203
46958619
589269
11554775
2464920
67441249
81773080
59471248
65614945
39947510
55623038
11619134
75148437
41265451
54838761
73391238
76618868
88573800
48533045
62040680
42632174
94642944
16368625
50175725
53392647
76406948
23043001
66897810
52129068
7172510
16911240
3457
85096479
27031730
2892543
63896679
98723775
8393964
58027332
99699815
43226452
84694579
30375480
86346595
49877043
46776269
98697787
10162465
87230427
4972584
85875375
87318036
97509600
53288225
78610176
79746145
54699901
91413160
7481135
6333484
20774537
73023456
1807875
29394783
54103418
63520612
44965379
96471119
40385402
51955844
778521
33175222
49009868
23534890
57616478
27869422
30705814
62175332
2717699
7131547
75309455
94357780
95069192
16313809
13285310
18695593
46278634
67192354
66838388
9476139
43426547
6113674
44141902
64074560
26223542
91597166
99951722
55309003
75767066
31429289
96428619
9462944
30716622
52998853
2843317
53020324
73262257
32570060
17279065
98107059
72690672
28461845
22154507
13441072
37008571
8577177
94924560
11900295
24448032
35732883
17123172
85753664
91391828
21604232
83614917
84374129
52541907
97637857
85598832
17632530
70818791
90059794
17464595
29890763
43660852
56735416
57139637
13314672
19333603
4204218
50509934
64599277
14937797
82523298
479771
5216461
95515150
88780529
15789060
82737529
82496360
99908536
77029883
15278763
40693234
5054322
54872467
722539
68954721
27612540
83772620
664821
81582037
22425650
37180412
70961781
23399158
29910254
60123436
14227621
28297810
89089608
52230786
47209042
92029204
18705392
10928219
66694400
59390918
71726687
49065680
94898192
3573628
65907620
34823841
68442562
77560569
71976382
78215160
47639198
24529479
53223245
33370941
64057457
40312435
59030824
21776055
17205624
30193655
65460019
40998950
69358015
38765877
96661925
23235815
14871016
70984159
82235527
63194002
22204993
39068842
69870026
24097382
57669269
50530772
20692230
45536795
33863225
24128040
44338703
40106100
27168759
34075233
72222885
4969456
49385812
27035340
12481829
4390552
1372677
96249706
70427614
6607571
51210941
69337533
53919915
22555698
66707001
64883063
86388181
48796610
71756866
50668953
55261066
45985779
73832604
49877702
12573125
81974317
12715164
54297542
74902442
52027810
37392541
99455278
79645910
77365178
55963151
91994567
65580615
10216223
6746355
19012827
68709030
99338588
65269605
92403993
64554907
11691973
66847240
8449646
43704846
2330304
78341024
95841189
11364886
24261737
57467864
13398522
84828543
71049402
29647665
77630171
78899172
15513924
70721059
46563276
78023708
14881656
93095903
10667576
65762328
80533267
67382901
26204859
14035339
4981554
30670498
33135856
98652268
2080033
67793086
63211340
74269972
24924175
92149769
20428313
83458926
3519462
90178784
159668
24213722
43475429
56974909
70459048
41351744
67408283
51271725
39474094
84020339
5978599
87290705
7613493
42612536
405988
13952758
84690949
92254939
54799196
6906150
46262679
90575136
32027755
82791660
67288262
3990140
86737373
51763720
90266557
72605657
20869164
87225293
12177674
91762083
36626575
93056361
36643782
32288395
9512187
53555064
69524878
90314438
2250945
36488351
30399772
95287975
2545532
33103207
62805591
33523883
26777391
43460128
80641974
38291872
68324860
15290072
54747500
39222614
50981746
25763788
6443451
33760541
31564851
87283887
11633359
40459937
3023054
95365056
82483532
46410941
57753236
25648984
89381763
54551405
87094786
89016177
35316609
89489876
82662038
49211406
5091219
2570132
23050429
23334204
44613728
55350045
99613417
10716729
32394392
90496951
91696030
72923857
75559521
36116172
46570838
33145064
15488222
89194067
15416972
1256874
38115624
11443341
76565449
82025848
22650973
53969354
53760092
58697374
29916080
76063358
62001428
6234138
77369546
91601776
89026109
3125457
14065976
56116617
95517220
72418210
3802348
71122769
37391220
77459796
61625765
22951222
2020879
765263
1501187
53821450
33423315
75490237
71651937
49087752
6811697
4628357
72789994
26641657
79993580
14874500
49606472
2688220
35654185
62173287
62731681
89410230
85275645
10103893
59597660
8690325
92520054
90517732
89923157
79240932
45882324
7191844
65107353
25488550
21344559
56108333
48617930
38548676
51038425
24398587
5275984
13755481
88695760
44929361
80522883
39252970
29293587
95931157
77559184
2849610
88330999
53502379
83683228
11084610
80622165
91880202
43280878
39381868
83350481
73108415
27185490
73875017
56605085
95923351
32395374
44930740
43862811
93614848
57811628
40743593
98589995
58243391
62954594
67172107
59493357
46637834
88671562
94715898
49553537
49765102
59518487
77831374
68770947
10500227
93053201
87179433
41443566
9900517
1815864
35651884
62204482
79660754
94233024
53610990
11783459
27618783
86295073
81019031
8140457
85455991
16152641
44308255
47342308
17969432
43903335
84007522
67127676
69264907
2289781
15268617
11863081
97337219
38032728
84769293
82769620
75533440
88965547
57256043
29224374
8284178
70773686
52860737
91939191
81083518
87828769
66094693
75498273
60820669
24723632
88262748
92848163
55484175
7064621
68830224
84235254
52501833
79129462
20098888
25699425
84261549
22226934
17498343
38212005
13184779
12059719
16528255
26542735
83706016
53273694
57601957
4956232
99317226
20713170
12260291
37442027
70340546
73373406
15888293
73549588
63602266
83703937
96504996
50223169
32422178
92681875
17710813
12959520
21193797
5805883
99800458
79593696
34227200
22273022
43958837
37797047
61992988
32624958
85577850
67449826
81068057
25677504
79041322
20255453
94803044
92061475
47473609
12874229
67314264
96580249
37576322
26774961
71402490
44296059
41978900
81654709
31040078
14321578
66398332
47495119
88059958
50229017
14869956
36797359
66523158
24356329
38450439
10629264
40081694
84373444
11068361
35406875
22042956
8099115
78942207
3590090
48373916
50205584
88625200
78063208
19137432
96024441
67799183
42453211
40961471
545386
24192545
62194122
76637238
81990248
66031868
87319841
66371707
97023669
92945768
21029988
79059134
89595464
84882168
95666334
31093787
30135420
54470432
58487556
93850752
79677490
89103158
82136212
35064485
53661125
27403566
23250672
89863674
25093937
61600870
37448058
45282929
68263022
3659940
8655203
36130777
50602240
52566061
41334824
605038
25170017
55024420
38584312
94180482
40133610
90250928
53725821
75209046
59892099
31532256
59558720
59120381
53106944
69375417
77979395
70030918
48849241
11209259
53678469
73795870
85969089
80883162
56221400
10657347
10684633
9169808
90774528
66015268
23177878
39036411
75617909
70378861
82349777
25250672
32282413
99281485
97504832
25997375
53182685
7693916
89594408
65696276
74427041
7466436
42743027
13225856
91768560
26854056
62551658
63981471
96593534
5066998
18157030
31614986
3044836
53758878
54946976
6991600
28374045
30896436
26491698
31785104
27900524
69180899
3943339
9460253
55120290
35552630
10836462
20266699
42873653
49071268
45920487
47756015
71281888
59740305
31566797
53543026
59498245
96041876
95004343
5465549
35707358
60165227
97707507
43818476
53166743
78295680
61679677
74361306
54904251
88037455
37937970
74341923
55255552
90267449
19700756
1089333
2523466
55474651
55007195
30415111
31454789
78229178
95660302
65087978
88653019
41102861
20949762
47852470
83777593
79595409
76565198
13529318
23433026
57214447
99028539
82882049
73961747
63424495
13123794
11617434
50061853
85191025
34351061
16112440
33388817
77407593
73837706
58179327
79601000
59771040
98875448
91935969
39623165
57824181
35366230
93528391
25251543
74705551
17353610
16531996
48061154
5515576
71432735
88989017
41332845
78734997
1380143
17140038
89041527
57952414
9669666
22696629
31661642
29807711
8440144
67364424
66592719
470449
76875590
89442482
97533787
37039955
98900993
87473639
45531879
93744295
93157110
26399125
30509358
65991713
41028579
74426344
94580401
2270558
79756571
57828587
82819808
72323193
91488301
60209661
79501150
67264136
55243905
60452015
53155433
30034161
71349971
10991705
14217151
71936181
58808142
19657925
17870535
30676169
54748729
14787967
4255275
82096941
43021803
35412301
13527787
39116912
13234083
86131463
55656036
21908500
51893471
40318672
73722121
8326871
92267847
75297594
73648965
48974745
18176896
56236315
31161636
36483949
39634854
17311084
35349993
68730315
33911016
31079342
53276589
22417293
65876747
35701841
64026381
51226358
88433815
60112673
54988374
86023481
50011032
72675191
43310969
72683222
67414936
30721370
59095308
60181919
25158167
64683804
78391857
44435805
1322720
20299836
20190045
21505741
4182142
68333350
62860154
1806136
38616423
72130706
68733797
81506847
27938404
68115162
75077409
43676284
77428426
99694306
61632301
38506878
17022033
17773851
62961974
28924848
50287081
29944121
65029296
32513439
12264708
73659166
46702088
17267782
52478259
23379780
48825833
62104840
18813836
60713422
38963761
96427681
80641540
98982026
20915201
35055726
318001
44740313
58738891
14863779
39264991
68704226
9764259
13691328
57152164
51405103
42801855
9104235
3024541
49540938
62928943
61422841
42659485
41664035
59695922
67012478
14888602
5857032
37502518
96276112
61520638
30992368
46322254
31128363
91052993
97755419
9365946
84103909
59668761
77797467
92264678
25011956
85344622
11054655
57305836
27568202
68185063
12747192
44603889
84366615
19523538
94228087
26366967
82547662
34595554
85739712
9396420
28826232
57689975
57438036
85253918
15563156
76061491
10912178
68388861
156573
9281982
19584240
40728098
65322057
6186027
22820825
32649847
20318886
70791154
85196755
61063058
67534756
86536565
20331992
26191179
37449566
94286823
87275127
48575114
63639917
18258030
52233700
31611477
67106323
32507423
46775399
5428573
95725001
38654404
96107431
37117333
6297907
14714948
35170943
57144254
23593969
38027030
78905101
58014919
52989830
7608209
72030984
64559653
24222697
78995902
67125446
61058320
70981495
39119836
89038608
10720058
65216916
48108830
66045981
69594071
31242627
30969359
48706173
67515019
33924817
8684891
57725909
57529269
52383876
24445351
97340948
3312298
25353963
6793433
21062088
30009363
11980802
43869894
36645912
29022122
85498750
30956155
70406766
91727829
11485196
30138134
24539475
73263515
35056657
30938289
73209512
32785883
44453856
73957044
36764552
46277356
59662740
3212402
9099355
89483884
41813744
78708851
35048540
39569051
72086688
30206222
91017618
55975874
25182397
18232938
65060630
13057453
91996508
87557015
52305565
25824568
51691784
90282642
28602033
30284524
66781843
93196007
11743816
57661314
12966071
80637169
51352424
38046314
92988112
82464000
69881238
16393061
42191727
96336822
20936954
2664285
38201865
56497386
22158796
86700583
10131456
14444599
50215536
55978446
4407387
7997751
57106792
11674330
43759207
76873701
82386852
76930553
81419887
8796821
61228837
35295783
33251644
3775939
4469654
67847902
39091220
8118705
48271451
11691732
65829544
72866605
56632993
15347923
66751959
14023656
69823903
61963644
35845550
10420165
23686152
28847720
28760932
80111180
49175381
10654141
63147510
6886210
23081201
73914626
32228655
19605431
18195897
98865078
22150990
73305277
80196583
56477202
87640820
48090777
25273938
3499914
58818673
73161770
42186760
98542019
80535259
4870405
95017815
49771455
24492362
21711261
56255011
43484634
11280800
74741367
32237802
80448318
29400212
13021822
18753625
5205935
56419109
96549433
30032213
43763576
4474912
25411180
94823304
5548497
74698273
59249870
64738043
60001814
79834894
26183924
90531508
46929835
8032803
36728467
87711966
97731187
93188736
6946419
76798227
83502444
83913005
79399323
21456670
58697699
13390227
67048453
46328260
31273140
39266182
78533418
14203336
90747358
83458400
83097893
33416940
83177253
62735673
59400544
5638285
95723251
97374935
23511278
13090234
97343509
11563375
72819501
70816295
83852176
53709304
79182124
19586226
44540747
40503132
72755477
45257538
82613456
30317929
30933884
55986956
64174968
40414717
27392618
44933377
22044658
80579553
53201683
57879256
61163752
25385741
29360579
23814649
38143132
35432129
93644107
73319637
59562568
20175140
6353394
9185755
22067138
18866955
50217826
72238872
24604883
38219407
67097979
22039971
97741609
9651363
29985359
66156368
57970180
57821423
98319901
20299859
93342012
55193659
97893809
15179713
39569492
60509822
56020838
37301266
50209593
47140884
85032033
72834439
9768587
31175732
26245040
17270993
11136018
50796575
66171302
73209863
56109954
42649519
4187321
98079786
21165461
12845984
73416259
35113200
41325209
27384144
22325278
55007252
27136233
39977340
10995739
7295796
87938880
18823530
39938912
29731332
32484080
98875462
38476664
96533558
40837434
7090103
15057108
82702064
76878719
55016666
44021066
69591957
16289597
18249778
73500730
72283614
45515575
96013039
68221943
29248994
12435794
26273289
32977399
97901151
79567806
31372687
45992450
92260573
95378422
52935071
2537297
44839773
83348210
4907357
67256025
58323185
25366838
24048043
39246618
48535583
64848262
2468473
35069673
60765595
41185399
95974732
74894500
7771307
24566143
65122138
21876188
62318417
76876828
53858189
90225310
36439187
66502396
77278286
83135267
42857934
83184364
19003809
80112411
38233981
67207221
56007333
52151577
66117366
45163281
64286058
56216170
88545985
78120408
51809593
87700208
14740885
750639
37012357
87687115
90227372
99725785
25349738
71266915
82323801
88164713
20870350
14964466
26017687
10450175
86349759
4744024
28048514
37685247
70980888
43698534
89690713
41543532
83267120
21757851
9106226
21686937
49280642
48775998
85175307
76038922
37209963
30413360
17847503
91433601
29941942
14940254
87528907
96019729
27392109
70777027
83443699
63927040
4308129
76612998
87794711
44844645
21360214
25429465
90787208
86878156
42369279
23322529
57379023
58506556
37610992
74936219
91753053
33815904
52185164
69113890
25086258
40686267
67914774
91594520
20719748
81886619
89933070
69869763
49930975
88195429
74868730
58184440
44186735
41220754
98402026
61906300
74191942
41130087
42985897
72199559
69909734
89638144
37144305
30477676
79492600
48290515
75553147
60573802
96969557
30852067
51520102
32075059
12617846
90174617
64956029
91167697
65821287
83915046
9652022
14317564
94566242
2375472
53089900
19632198
19371969
38001653
58625248
22577602
76131021
40686963
93821330
92756145
37663994
87001477
31104092
97148579
51364216
97763696
77584583
55028732
71753281
13669478
92303692
34838778
52791912
80272863
62152165
4502302
81299506
96309447
5790414
15274634
4875650
97647858
36812582
82599193
29208031
92378755
26124033
17799487
4804041
34330265
55756830
76115941
18119496
93153393
98899930
59334706
29036483
48147273
58348335
93414748
33544217
25655583
59354013
20540108
7399692
50430617
49820056
97234699
35890024
99076643
96615711
86946148
48753330
35489260
41597900
6148668
1435182
59602739
7594153
95101085
11195107
9616658
90285083
10599724
60044426
26549345
67232305
39995868
98989552
93392562
35582216
93515033
76116373
40349210
94285743
54876946
1604359
46494371
81284905
58521717
81271199
53394322
18077821
54659452
81934981
48401361
2026361
38563455
33851287
2840827
28331021
41551028
62567414
87509600
22839785
28761883
88782612
9286651
67543015
99522604
66907558
74063997
66912859
50455998
29143226
20089058
37724406
42395216
32255575
60963398
73552336
23603023
29854514
92587560
65780772
14553067
62289453
49575751
29581268
72168038
5081803
91087975
79431843
7992598
94278131
60146270
61519953
60055176
7542596
61940019
58523297
6968457
340196
71349865
41624448
55206496
25456441
38308598
28941776
11577602
6006374
35312724
12100677
36567374
89442265
35554294
33313064
6044482
71101680
44561139
88785822
19541609
71960081
95437492
44073565
21018751
78201012
87173017
67795533
1716300
18385712
18297780
49180834
79957885
47388791
65551659
10914901
80034099
78877197
10739944
64563484
55906206
5966164
27846880
16713375
82560270
39037606
74353069
53748164
28171423
66081833
18389377
90467377
45567374
51936536
60777433
9433749
95665855
33196558
85710499
92690894
77544014
25801899
69204638
34719160
21621116
88617122
93909319
48127601
60458982
53172861
22464368
90125368
83161041
20757073
66913116
78924622
34087565
96149913
42969579
42290769
8163505
78702666
65832666
38164765
40284463
42923053
58191755
41731498
30110014
36659649
2773900
15528018
2933615
71768565
10725194
6757134
11257185
36653233
39166842
90581427
51549170
56533312
24511971
15111549
89054289
30818450
63215766
81591004
49936845
39201428
62164209
50088720
17501844
42477295
64878281
22396091
11953574
61820348
20360252
6087464
22351656
76129582
37944963
63058472
76828206
5898747
47831867
4659289
20654568
82622626
14761956
67857989
34441456
24999200
45151212
47929028
41246319
18874943
86075727
70418951
81111002
61185581
66783410
14613921
36529962
43079529
24377422
54445818
63281869
41023064
43771627
19291262
24774384
62115202
12903855
43730479
80576954
76686344
51000692
99746247
69630014
56877051
52167009
74861792
16937504
5123859
12598073
67480049
61333132
69905531
86137590
81606973
95758882
88253731
57477943
1742699
39680298
42034604
13404257
24483569
20398954
65894474
17163366
65831862
5638873
17537068
14325098
17997218
88242295
96849997
78841346
63898881
40361822
62939770
6607887
26864532
46846029
71486409
8757716
19886201
15134538
46881956
68843033
43921508
97575286
14901867
46362297
94031853
7012800
94848246
89224566
99127237
26407037
68296909
63930628
5404070
18433320
34579636
31711881
46673479
114784
60993422
6174128
41522501
36738014
48531847
65634981
52275223
70108015
15507146
85630117
3161414
24042520
37058832
64553600
7693348
15977035
58740207
59145875
66635696
20322072
4030677
14417102
8186656
20440652
23929795
44229464
63790940
97146888
55693963
63498485
50556689
47433069
47689612
31498837
80083323
81631438
38374344
71483638
91111750
45700716
396046
18202989
89955610
82668717
65163432
64457666
63372211
80841167
3775697
93620714
14820014
28690755
58995869
51884799
1183820
62092756
33256975
93126229
3798940
18054879
23022669
60842495
57604996
97389084
68366901
19741802
89953581
75376979
50466537
20570587
54679089
87880952
24973915
655562
19442096
67476114
64688607
7930075
91488204
31096690
97343508
48089595
66164522
74853412
90115386
98904080
61834178
54159649
94404280
38471377
79462133
84161035
49221246
35727381
73928795
84446379
90430447
46041842
72475674
79920736
85999510
45933583
59827841
47885094
53939714
42704815
80135002
91494209
19364273
60491794
72883964
16334545
80891436
88472471
11745673
30989996
98003306
49025530
69146877
79915066
47183666
43556270
95744247
39377969
10535386
86180830
99703246
92382470
23948768
85311231
66898397
54963515
6924271
69044464
39192001
68909827
57982077
56139472
57635038
32872138
12057156
44160584
32276986
4975418
28656187
32307397
30969010
48427416
3427828
7584539
44466044
59280065
67461502
85101271
66450635
27897543
83062940
95470775
86550983
62285195
17950131
57329940
74694611
30858259
41028488
71459501
17939112
66117197
12579978
98627987
87776683
79486712
5904754
53296479
47861355
6165778
89226512
20977878
68945054
46882864
173832
90326724
37519797
10868818
59189625
5602900
23762677
11371157
55208834
99123329
29708545
93956538
40880435
92517753
12695036
10904465
83632979
92293401
69307144
25153720
51023095
6609584
20166938
33765707
46522379
46626118
55686887
56705331
30765224
71152251
84092362
83080369
24452313
82143424
17857327
10120412
98240759
90035708
39521532
93002644
5734834
13853045
35405198
10390285
73178654
61279114
26754001
54733409
88396984
31955797
8377183
76393371
59278649
5155365
44071124
36856085
41523982
13422185
52655829
66513448
82605508
69084411
54595463
42240530
86677153
5853287
54676468
73738260
34083156
96855205
73064351
78790333
22932922
77229924
63768949
48736991
59340612
71255766
51079365
83081982
72789917
46221530
34754279
15437512
38926101
81557877
15670290
2851121
13610721
50485803
3920115
8265661
89369524
5827696
19661248
33677241
90396155
75432576
85928853
62687308
38491207
819823
3688841
34287985
20603416
26859932
4761951
19734106
17119707
22415997
88616066
46432560
36091790
9706551
34740283
12781208
14204024
26481982
46257805
36838448
69693704
68092362
57678469
60540320
73655197
80333621
27694611
95429241
95702994
96463023
38758585
57958063
86759835
18517707
62746106
14912239
97091632
77547456
33204693
62823400
6127871
87480406
78955607
9781478
21755490
96103368
75065848
59226401
50287577
57358922
70058201
32629976
74986132
72591172
73575600
48012405
92510222
7564658
98206764
69264816
56085466
57095821
33131517
40976642
43691791
70341673
90952929
15136136
44106905
82319385
53798603
33807179
44389688
31217923
18206410
34221944
50794991
34396552
64786555
60899332
21836846
94020000
25318505
23538304
14635776
25610367
11467826
63160782
17422277
38949583
46515902
20882396
22161650
43737506
66293149
62159795
61203491
33401505
89248290
65909351
18583666
11681705
56780658
60340748
41317446
75466595
1741499
88296718
66946986
28085319
60322081
31025928
7207890
49372629
93422102
79328695
89994106
26453129
50887453
57584790
41236593
26111691
54150531
94690356
67181409
24361936
95549821
54461371
73226375
51275405
53611167
11896324
57003262
93766738
20069654
20874775
22814461
78832561
11459987
88632707
39053613
34764403
94882631
44295795
62494031
40277917
85695841
19322954
24488601
66360018
58283852
57813405
45911418
54185369
93197182
3541523
30090839
45704968
94696057
99107049
50005315
67836421
77782098
47643739
59672441
66410394
62699535
95658483
81708685
9128182
88920752
5424475
12587958
91349583
90119737
73339237
14016408
43262431
69838900
63305587
88742680
62810512
45608185
23745479
48970672
31692599
55947833
86074935
57916906
21199250
25673032
22729182
7806968
70881633
23448123
72413047
25882560
11719538
31596390
2524911
88784512
32444916
59835271
75356081
74625332
71564728
8020423
28018892
20065800
94772148
78166836
66139871
93647683
91760769
91057269
18901336
2132316
29892138
59295161
34810259
92719406
3158533
23545771
97054253
54287696
86783922
12851745
20802846
19742253
46735098
71575512
96257504
92967045
97354702
30480167
49288010
81855176
610305
76006352
93784074
74530666
64208403
93143748
83969552
18933212
59226493
68417092
11472287
70596764
47749691
76254575
14453103
52498938
10410626
45512118
73320682
65482802
37602154
27943113
78227679
47823949
27424272
28513419
87474237
31981914
79014536
37775196
59038394
10999517
81204186
75310692
36075705
53101393
40260577
81751284
42304846
44555223
37557435
73471718
59152483
31093293
43181379
87103630
9245964
5819844
33401396
64313009
11557244
68973729
30842588
74482915
18033769
73097240
54488079
65709869
44411555
73451075
94875637
42833229
87872953
37749188
57467814
69351163
43508650
18446766
96193913
66625559
46130211
81200722
97888115
86077700
51139297
71882578
29458974
25458176
69188547
37182343
57206966
69405128
84636158
29178251
65733755
7580719
99062702
8447193
94549564
42781536
35215612
79237560
37604220
65340533
64314829
60873102
36901223
82862788
37992604
14105408
18660582
62196870
29205337
80080142
56947537
99839549
73079936
66036430
75530806
41052750
48510354
8024903
29249170
65422367
39352962
43947449
6281710
7337363
25460381
58627278
62816203
37976945
77560491
89321921
43878578
93803199
57552703
92511983
24010667
23063768
73668531
92046098
59378893
5092547
42078970
70090298
20690452
99449763
19379258
94466998
17689613
15388604
95936846
56224894
33979676
65210046
175851
71629579
31734442
69248418
84386924
90283531
73483560
88691265
27537563
71194795
12220273
26478058
38974111
4359685
64555229
44318639
84224715
58334873
52525212
6422253
95204811
2043248
40288427
3333859
66231577
46824465
35357164
86838725
33305865
60846665
96686085
1995923
16179158
99072171
46592250
45705139
30265499
20407147
87431306
97423093
46274788
81543514
32849081
24356487
78122094
49674502
22240649
43490793
63140888
99162690
73172642
1350102
9199730
63809018
96675590
48284513
47527745
25788566
57890674
26085700
81525292
86762473
85429440
4405412
56993074
86106549
62060712
41321000
52425080
78523334
41514769
2436078
31562151
93478975
94180799
93402753
11233903
34119036
29826330
51936423
53914807
68022624
44730449
51026817
878681
45440117
4357724
43634940
19115074
8826364
52354044
69165007
58920877
20142127
23476391
9546798
77066665
5981235
79486224
15445448
38435831
44284337
42951706
80819184
47122488
74374135
90581204
3737987
5531520
67877002
47291974
68144673
22937095
59026746
71363606
72442704
75031848
17821551
93154243
39842811
63701501
85390079
24184283
31797416
80530159
1961767
79592963
17989113
49608654
39352074
67942019
63539562
8928055
66009683
80419569
53108698
57442100
49127105
46363542
99601943
90086084
48458707
18856449
93317051
96494047
52177350
66360678
22514508
32131148
80619378
56926890
91931154
28281883
63225906
8672313
71304608
24669978
88382833
44042643
98780094
59353221
98059861
23979610
92538573
73941438
25749720
36305844
74587142
63655574
68234320
16178084
17104040
63032398
97583417
35269268
28589348
63517504
30883752
74226061
46369216
3783949
88050419
38488648
2076522
17417458
90048762
32147995
6985250
79388515
33623190
78546470
52179770
94247700
15266045
52694649
81680551
4509251
5603420
48513225
98828208
46756874
87687156
81965736
91943573
85332038
61287136
64716267
24244400
6196553
42045032
88790884
19108611
24155258
26705133
64700509
90267016
64083317
43821924
74452892
20486614
43900979
91919444
9036106
38436223
22790560
99970854
8665202
95303627
22254038
59167638
1567852
49434767
53128023
5662288
30038948
10502514
76846299
69726199
19638726
718938
93384465
46298297
49917021
36621603
55398497
1299927
13598697
30787504
78249166
18472023
55793889
10917982
50416971
45110233
18235090
24239903
60774251
72362496
63500736
6433056
98114317
77586487
77609550
57240015
19748524
88638170
69322218
85639008
71186762
83617854
98244527
24535958
83965220
56270501
68823776
78567839
93223454
9082708
82517474
96611596
9929181
56066962
91205374
47372846
83641917
96205434
53081757
76587051
95712247
26471127
40091964
12559176
81234271
78595908
48517749
25443091
1828717
55372241
15595199
18518093
37369237
9214384
19115606
11566236
37811950
70097071
72931105
34956430
30206342
28049745
18852631
55328937
75296199
51902583
34263217
90238978
41566067
57095599
11241816
15421189
48626677
56336880
48719646
54994116
69004229
76913131
33701241
58143056
73950454
88568999
67362013
15000113
56789233
96382880
53878696
64819497
92389864
25023741
61384160
73701464
89221481
89549598
62106320
34008835
18481287
58080967
58485428
49106690
56206842
94117700
35237478
99271254
51239975
23870639
33313503
2163967
22844956
29309191
6752422
8436158
8141365
17419181
14341304
80129419
73368117
71155618
41263832
59166292
6838034
27456604
43782986
86208829
4741152
408753
18955897
97855379
3496831
11778662
10888658
78206177
37485222
58231372
73353508
68689918
42037563
28250770
37455859
30266296
7294924
11560035
70305938
14593568
92980288
93801733
79898487
63470024
52668567
81420265
17456514
71008368
13091876
72110226
92086647
2697044
27321293
13819299
91307574
41102424
53889522
47054873
33801773
83322860
45875308
95292722
39139810
4356114
54225285
32905387
3001892
6153400
97069109
61490122
30171780
25999112
10893030
93648983
73505690
23949815
51512863
15851817
90834384
29854163
32174491
56121580
31222106
33979164
6277776
80416576
68310420
36715098
84659560
23237328
23926041
13140130
17580316
7412660
32316763
45508416
53781158
35860911
50406888
17055194
25735357
38807313
34950765
22168163
867707
37941105
25180362
71890992
18515331
89692475
4632587
4969586
65788503
58693935
33352705
51891588
47136752
91873091
73040114
79652645
14229969
58612354
90047600
92209285
10080911
43602091
40057469
65667355
58021164
52102723
99389761
40301071
38375986
16451273
23468528
36004686
29428689
88217401