  36
   5:   12    2   16    1    8 
  12:   13    1    8   17    3   18   11    6   14   15    9   16 
   7:    1    9    8    5    6   12    7 
   3:   10    3   17 
   6:    8    9   18   14    4   17 
   5:    5    4   18    1    7 
  10:   10   18   13    4    8   15    9    6   19    1 
   8:    6    3    0   15   10    4    1    2 
   5:   13   15   11    8   19 
   8:   16   14    3    1    5    2    7   12 
   4:   17   13    0    8 
   2:    6    8 
   9:   13    5   18    8    6    0   15   12    9 
   4:   12   19    4    7 
   7:   13    8   18    1    6    3    2 
   3:    3    2    0 
   3:   15   14    6 
   2:   13   11 
   6:   14   17   12    7   16    5 
   6:   19   18   13   10    3    7 
   7:    4   11   15    0    8    3   14 
   9:    9   13    3    7   12   17   11   10    2 
   2:    4   11 
   2:    5    4 
   1:   11 
   9:    1   11    2    3    6   14    0    7   15 
   4:    2    8    7   10 
   1:    0 
   3:   17   11    0 
   8:    0   19   17   12    1   14    9    6 
   3:    5   10    2 
   5:   10    7    4    5   13 
   2:   18   16 
   7:   15    4    6   19    8    3    9 
   4:   17    9    0    5 
   3:    5    9   16 
